gtx/eda_oc/geodata/true_temp/upper_eagle_tt.tif
NCOLS 999
NROWS 356
XLLCORNER -100.43778
YLLCORNER 28.185137
DX 0.0025609929
DY 0.002556898
NODATA_VALUE -9999
[rows 112 to 139 of 356, columns 744 to 805 of 999]
220.06738 220.26408 220.46078 220.65748 220.81742 220.97111 221.12479 221.27848 221.43217 221.58586 221.73954 221.89323 222.04692 222.2006 222.35429 222.50798 222.66167 222.81535 222.96904 223.12273 223.27641 223.4301 223.58379 223.73748 223.89116 224.04485 224.19854 224.35222 224.50591 224.6596 224.81329 224.96697 225.36265 225.76624 226.16982 226.57341 226.97699 227.38058 227.78416 228.18775 228.59133 228.99492 229.3985 229.80209 230.20567 230.60926 231.01284 231.41643 231.82001 232.2236 232.62718 233.03077 233.43435 233.83794 234.24152 234.64511 235.04869 235.45228 235.85586 236.25944 236.66303 237.06661
220.55606 220.75276 220.94946 221.14617 221.32554 221.47923 221.63292 221.7866 221.94029 222.09398 222.24766 222.40135 222.55504 222.70873 222.86241 223.0161 223.16979 223.32347 223.47716 223.63085 223.78454 223.93822 224.09191 224.2456 224.39929 224.55297 224.70666 224.86035 225.01403 225.16772 225.32141 225.50571 225.9093 226.31288 226.71647 227.12005 227.52364 227.92722 228.33081 228.73439 229.13798 229.54156 229.94515 230.34873 230.75232 231.1559 231.55949 231.96307 232.36666 232.77024 233.17383 233.57741 233.981 234.38458 234.78817 235.19175 235.59534 235.99892 236.40251 236.80609 237.20968 237.61326
221.04474 221.24144 221.43814 221.63485 221.83155 221.98735 222.14104 222.29472 222.44841 222.6021 222.75579 222.90947 223.06316 223.21685 223.37054 223.52422 223.67791 223.8316 223.98528 224.13897 224.29266 224.44635 224.60003 224.75372 224.90741 225.06109 225.21478 225.36847 225.52216 225.67584 225.82953 226.05236 226.45595 226.85953 227.26312 227.6667 228.07029 228.47387 228.87746 229.28104 229.68463 230.08821 230.4918 230.89538 231.29896 231.70255 232.10613 232.50972 232.9133 233.31689 233.72047 234.12406 234.52764 234.93123 235.33481 235.7384 236.14198 236.54557 236.94915 237.35274 237.75632 238.15991
221.53342 221.73012 221.92682 222.12353 222.32023 222.49547 222.64916 222.80285 222.95653 223.11022 223.26391 223.4176 223.57128 223.72497 223.87866 224.03234 224.18603 224.33972 224.49341 224.64709 224.80078 224.95447 225.10815 225.26184 225.41553 225.56922 225.7229 225.87659 226.03028 226.18396 226.33765 226.59901 227.00259 227.40618 227.80976 228.21335 228.61693 229.02052 229.4241 229.82769 230.23127 230.63486 231.03844 231.44203 231.84561 232.2492 232.65278 233.05637 233.45995 233.86354 234.26712 234.67071 235.07429 235.47788 235.88146 236.28505 236.68863 237.09221 237.4958 237.89938 238.30297 238.70655
222.0221 222.2188 222.41551 222.61221 222.80891 223.00359 223.15728 223.31097 223.46466 223.61834 223.77203 223.92572 224.0794 224.23309 224.38678 224.54047 224.69415 224.84784 225.00153 225.15521 225.3089 225.46259 225.61628 225.76996 225.92365 226.07734 226.23102 226.38471 226.5384 226.69209 226.84577 227.14565 227.54924 227.95282 228.35641 228.75999 229.16358 229.56716 229.97075 230.37433 230.77792 231.1815 231.58509 231.98867 232.39226 232.79584 233.19943 233.60301 234.0066 234.41018 234.81377 235.21735 235.62094 236.02452 236.42811 236.83169 237.23528 237.63886 238.04245 238.44603 238.84962 239.2532
222.51078 222.70748 222.90419 223.10089 223.29759 223.4943 223.6654 223.81909 223.97278 224.12646 224.28015 224.43384 224.58753 224.74121 224.8949 225.04859 225.20227 225.35596 225.50965 225.66334 225.81702 225.97071 226.1244 226.27808 226.43177 226.58546 226.73915 226.89283 227.04652 227.20021 227.35389 227.6923 228.09589 228.49947 228.90306 229.30664 229.71023 230.11381 230.5174 230.92098 231.32457 231.72815 232.13173 232.53532 232.9389 233.34249 233.74607 234.14966 234.55324 234.95683 235.36041 235.764 236.16758 236.57117 236.97475 237.37834 237.78192 238.18551 238.58909 238.99268 239.39626 239.79985
222.99946 223.19616 223.39287 223.58957 223.78627 223.98298 224.17352 224.32721 224.4809 224.63459 224.78827 224.94196 225.09565 225.24933 225.40302 225.55671 225.7104 225.86408 226.01777 226.17146 226.32514 226.47883 226.63252 226.78621 226.93989 227.09358 227.24727 227.40096 227.55464 227.70833 227.86202 228.23895 228.64253 229.04612 229.4497 229.85329 230.25687 230.66046 231.06404 231.46763 231.87121 232.2748 232.67838 233.08197 233.48555 233.88914 234.29272 234.69631 235.09989 235.50348 235.90706 236.31065 236.71423 237.11782 237.5214 237.92498 238.32857 238.73215 239.13574 239.53932 239.94291 240.34649
223.48814 223.68485 223.88155 224.07825 224.27495 224.47166 224.66836 224.83533 224.98902 225.14271 225.29639 225.45008 225.60377 225.75746 225.91114 226.06483 226.21852 226.37221 226.52589 226.67958 226.83327 226.98695 227.14064 227.29433 227.44802 227.6017 227.75539 227.90908 228.06276 228.21645 228.38201 228.78559 229.18918 229.59276 229.99635 230.39993 230.80352 231.2071 231.61069 232.01427 232.41786 232.82144 233.22503 233.62861 234.0322 234.43578 234.83937 235.24295 235.64654 236.05012 236.45371 236.85729 237.26088 237.66446 238.06805 238.47163 238.87522 239.2788 239.68239 240.08597 240.48956 240.89314
223.97682 224.17353 224.37023 224.56693 224.76364 224.96034 225.15704 225.34345 225.49714 225.65083 225.80452 225.9582 226.11189 226.26558 226.41927 226.57295 226.72664 226.88033 227.03401 227.1877 227.34139 227.49508 227.64876 227.80245 227.95614 228.10982 228.26351 228.4172 228.57089 228.72457 228.92866 229.33224 229.73583 230.13941 230.543 230.94658 231.35017 231.75375 232.15734 232.56092 232.9645 233.36809 233.77167 234.17526 234.57884 234.98243 235.38601 235.7896 236.19318 236.59677 237.00035 237.40394 237.80752 238.21111 238.61469 239.01828 239.42186 239.82545 240.22903 240.63262 241.0362 241.43979
224.4655 224.66221 224.85891 225.05561 225.25232 225.44902 225.64572 225.84243 226.00526 226.15895 226.31264 226.46633 226.62001 226.7737 226.92739 227.08107 227.23476 227.38845 227.54214 227.69582 227.84951 228.0032 228.15688 228.31057 228.46426 228.61795 228.77163 228.92532 229.07901 229.23269 229.4753 229.87889 230.28247 230.68606 231.08964 231.49323 231.89681 232.3004 232.70398 233.10757 233.51115 233.91474 234.31832 234.72191 235.12549 235.52908 235.93266 236.33625 236.73983 237.14342 237.547 237.95059 238.35417 238.75775 239.16134 239.56492 239.96851 240.37209 240.77568 241.17926 241.58285 241.98643
224.95419 225.15089 225.34759 225.54429 225.741 225.9377 226.1344 226.33111 226.51339 226.66707 226.82076 226.97445 227.12813 227.28182 227.43551 227.5892 227.74288 227.89657 228.05026 228.20394 228.35763 228.51132 228.66501 228.81869 228.97238 229.12607 229.27975 229.43344 229.58713 229.74082 230.02195 230.42553 230.82912 231.2327 231.63629 232.03987 232.44346 232.84704 233.25063 233.65421 234.0578 234.46138 234.86497 235.26855 235.67214 236.07572 236.47931 236.88289 237.28648 237.69006 238.09365 238.49723 238.90082 239.3044 239.70799 240.11157 240.51516 240.91874 241.32233 241.72591 242.1295 242.53308
225.44287 225.63957 225.83627 226.03298 226.22968 226.42638 226.62308 226.81979 227.01649 227.17519 227.32888 227.48257 227.63626 227.78994 227.94363 228.09732 228.251 228.40469 228.55838 228.71207 228.86575 229.01944 229.17313 229.32681 229.4805 229.63419 229.78788 229.94156 230.09525 230.24894 230.5686 230.97218 231.37577 231.77935 232.18294 232.58652 232.99011 233.39369 233.79727 234.20086 234.60444 235.00803 235.41161 235.8152 236.21878 236.62237 237.02595 237.42954 237.83312 238.23671 238.64029 239.04388 239.44746 239.85105 240.25463 240.65822 241.0618 241.46539 241.86897 242.27256 242.67614 243.07973
225.93155 226.12825 226.32495 226.52166 226.71836 226.91506 227.11177 227.30847 227.50517 227.68332 227.837 227.99069 228.14438 228.29806 228.45175 228.60544 228.75913 228.91281 229.0665 229.22019 229.37387 229.52756 229.68125 229.83494 229.98862 230.14231 230.296 230.44969 230.60337 230.75706 231.11524 231.51883 231.92241 232.326 232.72958 233.13317 233.53675 233.94034 234.34392 234.74751 235.15109 235.55468 235.95826 236.36185 236.76543 237.16902 237.5726 237.97619 238.37977 238.78336 239.18694 239.59052 239.99411 240.39769 240.80128 241.20486 241.60845 242.01203 242.41562 242.8192 243.22279 243.62637
226.42023 226.61693 226.81363 227.01034 227.20704 227.40374 227.60045 227.79715 227.99385 228.19056 228.34512 228.49881 228.6525 228.80619 228.95987 229.11356 229.26725 229.42094 229.57462 229.72831 229.882 230.03568 230.18937 230.34306 230.49675 230.65043 230.80412 230.95781 231.11149 231.26518 231.66189 232.06547 232.46906 232.87264 233.27623 233.67981 234.0834 234.48698 234.89057 235.29415 235.69774 236.10132 236.50491 236.90849 237.31208 237.71566 238.11925 238.52283 238.92642 239.33 239.73359 240.13717 240.54076 240.94434 241.34793 241.75151 242.1551 242.55868 242.96227 243.36585 243.76944 244.17302
226.90891 227.10561 227.30232 227.49902 227.69572 227.89242 228.08913 228.28583 228.48253 228.67924 228.85325 229.00693 229.16062 229.31431 229.468 229.62168 229.77537 229.92906 230.08274 230.23643 230.39012 230.54381 230.69749 230.85118 231.00487 231.15855 231.31224 231.46593 231.61962 231.80495 232.20854 232.61212 233.01571 233.41929 233.82288 234.22646 234.63004 235.03363 235.43721 235.8408 236.24438 236.64797 237.05155 237.45514 237.85872 238.26231 238.66589 239.06948 239.47306 239.87665 240.28023 240.68382 241.0874 241.49099 241.89457 242.29816 242.70174 243.10533 243.50891 243.9125 244.31608 244.71967
227.39759 227.59429 227.791 227.9877 228.1844 228.38111 228.57781 228.77451 228.97121 229.16792 229.36137 229.51506 229.66874 229.82243 229.97612 230.1298 230.28349 230.43718 230.59087 230.74455 230.89824 231.05193 231.20561 231.3593 231.51299 231.66668 231.82036 231.97405 232.12774 232.3516 232.75518 233.15877 233.56235 233.96594 234.36952 234.77311 235.17669 235.58028 235.98386 236.38745 236.79103 237.19462 237.5982 238.00179 238.40537 238.80896 239.21254 239.61612 240.01971 240.42329 240.82688 241.23046 241.63405 242.03763 242.44122 242.8448 243.24839 243.65197 244.05556 244.45914 244.86273 245.26631
227.88627 228.08297 228.27968 228.47638 228.67308 228.86979 229.06649 229.26319 229.4599 229.6566 229.8533 230.02318 230.17686 230.33055 230.48424 230.63793 230.79161 230.9453 231.09899 231.25267 231.40636 231.56005 231.71374 231.86742 232.02111 232.1748 232.32848 232.48217 232.63586 232.89824 233.30183 233.70541 234.109 234.51258 234.91617 235.31975 235.72334 236.12692 236.53051 236.93409 237.33768 237.74126 238.14485 238.54843 238.95202 239.3556 239.75919 240.16277 240.56636 240.96994 241.37353 241.77711 242.1807 242.58428 242.98787 243.39145 243.79504 244.19862 244.60221 245.00579 245.40937 245.75512
228.37495 228.57166 228.76836 228.96506 229.16176 229.35847 229.55517 229.75187 229.94858 230.14528 230.34198 230.5313 230.68499 230.83867 230.99236 231.14605 231.29973 231.45342 231.60711 231.7608 231.91448 232.06817 232.22186 232.37554 232.52923 232.68292 232.83661 232.99029 233.14398 233.44489 233.84848 234.25206 234.65564 235.05923 235.46281 235.8664 236.26998 236.67357 237.07715 237.48074 237.88432 238.28791 238.69149 239.09508 239.49866 239.90225 240.30583 240.70942 241.113 241.51659 241.92017 242.32376 242.72734 243.13093 243.53451 243.9381 244.34168 244.74527 245.14885 245.55244 245.87144 246.15303
228.86363 229.06034 229.25704 229.45374 229.65045 229.84715 230.04385 230.24055 230.43726 230.63396 230.83066 231.02737 231.19311 231.34679 231.50048 231.65417 231.80786 231.96154 232.11523 232.26892 232.42261 232.57629 232.72998 232.88367 233.03735 233.19104 233.34473 233.49842 233.6521 233.99154 234.39512 234.79871 235.20229 235.60588 236.00946 236.41305 236.81663 237.22022 237.6238 238.02739 238.43097 238.83456 239.23814 239.64173 240.04531 240.44889 240.85248 241.25606 241.65965 242.06323 242.46682 242.8704 243.27399 243.67757 244.08116 244.48474 244.88833 245.29191 245.6955 245.98776 246.26935 246.55094
229.35231 229.54902 229.74572 229.94242 230.13913 230.33583 230.53253 230.72924 230.92594 231.12264 231.31934 231.51605 231.70123 231.85492 232.0086 232.16229 232.31598 232.46967 232.62335 232.77704 232.93073 233.08441 233.2381 233.39179 233.54548 233.69916 233.85285 234.00654 234.16022 234.53818 234.94177 235.34535 235.74894 236.15252 236.55611 236.95969 237.36328 237.76686 238.17045 238.57403 238.97762 239.3812 239.78479 240.18837 240.59196 240.99554 241.39913 241.80271 242.2063 242.60988 243.01347 243.41705 243.82064 244.22422 244.62781 245.03139 245.43498 245.82249 246.10408 246.38567 246.66726 246.94885
229.841 230.0377 230.2344 230.4311 230.62781 230.82451 231.02121 231.21792 231.41462 231.61132 231.80803 232.00473 232.20143 232.36304 232.51673 232.67041 232.8241 232.97779 233.13147 233.28516 233.43885 233.59254 233.74622 233.89991 234.0536 234.20728 234.36097 234.51466 234.68125 235.08483 235.48841 235.892 236.29558 236.69917 237.10275 237.50634 237.90992 238.31351 238.71709 239.12068 239.52426 239.92785 240.33143 240.73502 241.1386 241.54219 241.94577 242.34936 242.75294 243.15653 243.56011 243.9637 244.36728 244.77087 245.17445 245.57804 245.93881 246.2204 246.50199 246.78358 247.06517 247.34675
230.32968 230.52638 230.72308 230.91979 231.11649 231.31319 231.50989 231.7066 231.9033 232.1 232.29671 232.49341 232.69011 232.87116 233.02485 233.17853 233.33222 233.48591 233.6396 233.79328 233.94697 234.10066 234.25434 234.40803 234.56172 234.71541 234.86909 235.02278 235.22789 235.63148 236.03506 236.43865 236.84223 237.24582 237.6494 238.05299 238.45657 238.86016 239.26374 239.66733 240.07091 240.4745 240.87808 241.28166 241.68525 242.08883 242.49242 242.896 243.29959 243.70317 244.10676 244.51034 244.91393 245.31751 245.7211 246.05513 246.33672 246.61831 246.8999 247.18149 247.46307 247.74466
230.81836 231.01506 231.21176 231.40847 231.60517 231.80187 231.99858 232.19528 232.39198 232.58868 232.78539 232.98209 233.17879 233.3755 233.53297 233.68666 233.84034 233.99403 234.14772 234.3014 234.45509 234.60878 234.76247 234.91615 235.06984 235.22353 235.37721 235.5309 235.77454 236.17812 236.58171 236.98529 237.38888 237.79246 238.19605 238.59963 239.00322 239.4068 239.81039 240.21397 240.61756 241.02114 241.42473 241.82831 242.2319 242.63548 243.03907 243.44265 243.84624 244.24982 244.65341 245.05699 245.46058 245.86416 246.17145 246.45304 246.73463 247.01622 247.29781 247.57939 247.86098 248.14257
231.30704 231.50374 231.70044 231.89715 232.09385 232.29055 232.48726 232.68396 232.88066 233.07737 233.27407 233.47077 233.66747 233.86418 234.04109 234.19478 234.34846 234.50215 234.65584 234.80953 234.96321 235.1169 235.27059 235.42427 235.57796 235.73165 235.88534 236.03902 236.32118 236.72477 237.12835 237.53194 237.93552 238.33911 238.74269 239.14628 239.54986 239.95345 240.35703 240.76062 241.1642 241.56779 241.97137 242.37496 242.77854 243.18213 243.58571 243.9893 244.39288 244.79647 245.20005 245.60364 246.00619 246.28777 246.56936 246.85095 247.13254 247.41413 247.69571 247.9773 248.25889 248.54048
231.79572 231.99242 232.18913 232.38583 232.58253 232.77923 232.97594 233.17264 233.36934 233.56605 233.76275 233.95945 234.15616 234.35286 234.54921 234.7029 234.85659 235.01027 235.16396 235.31765 235.47134 235.62502 235.77871 235.9324 236.08608 236.23977 236.39346 236.54715 236.86783 237.27142 237.675 238.07859 238.48217 238.88576 239.28934 239.69293 240.09651 240.5001 240.90368 241.30727 241.71085 242.11443 242.51802 242.9216 243.32519 243.72877 244.13236 244.53594 244.93953 245.34311 245.7467 246.12251 246.40409 246.68568 246.96727 247.24886 247.53045 247.81203 248.09362 248.37521 248.6568 248.93839
232.2844 232.4811 232.67781 232.87451 233.07121 233.26792 233.46462 233.66132 233.85802 234.05473 234.25143 234.44813 234.64484 234.84154 235.03824 235.21102 235.36471 235.5184 235.67208 235.82577 235.97946 236.13314 236.28683 236.44052 236.59421 236.74789 236.90158 237.05527 237.41448 237.81806 238.22165 238.62523 239.02882 239.4324 239.83599 240.23957 240.64316 241.04674 241.45033 241.85391 242.2575 242.66108 243.06467 243.46825 243.87184 244.27542 244.67901 245.08259 245.48618 245.88976 246.23883 246.52041 246.802 247.08359 247.36518 247.64677 247.92835 248.20994 248.49153 248.77312 249.05471 249.33629
232.77308 232.96978 233.16649 233.36319 233.55989 233.7566 233.9533 234.15 234.34671 234.54341 234.74011 234.93681 235.13352 235.33022 235.52692 235.71914 235.87283 236.02652 236.1802 236.33389 236.48758 236.64127 236.79495 236.94864 237.10233 237.25601 237.4097 237.56339 237.96112 238.36471 238.76829 239.17188 239.57546 239.97905 240.38263 240.78622 241.1898 241.59339 241.99697 242.40056 242.80414 243.20773 243.61131 244.0149 244.41848 244.82207 245.22565 245.62924 246.03282 246.35515 246.63673 246.91832 247.19991 247.4815 247.76309 248.04467 248.32626 248.60785 248.88944 249.17103 249.45261 249.7342
233.26176 233.45847 233.65517 233.85187 234.04857 234.24528 234.44198 234.63868 234.83539 235.03209 235.22879 235.4255 235.6222 235.8189 236.0156 236.21231 236.38095 236.53464 236.68833 236.84201 236.9957 237.14939 237.30307 237.45676 237.61045 237.76414 237.91782 238.10419 238.50777 238.91136 239.31494 239.71853 240.12211 240.5257 240.92928 241.33287 241.73645 242.14004 242.54362 242.9472 243.35079 243.75437 244.15796 244.56154 244.96513 245.36871 245.7723 246.17588 246.47147 246.75305 247.03464 247.31623 247.59782 247.87941 248.16099 248.44258 248.72417 249.00576 249.28735 249.56893 249.85052 250.13211
