gtx/eda_oc/geodata/true_temp/upper_eagle_tt.tif
NCOLS 999
NROWS 356
XLLCORNER -100.43778
YLLCORNER 28.185137
DX 0.0025609929
DY 0.002556898
NODATA_VALUE -9999
[rows 140 to 167 of 356, columns 558 to 619 of 999]
205.80565 205.92896 206.07733 206.22569 206.37405 206.52241 206.67077 206.81913 206.96749 207.11585 207.26421 207.41257 207.56094 207.7093 207.85766 208.00602 208.15438 208.30274 208.4511 208.59946 208.74782 208.89618 209.04455 209.19291 209.34127 209.48963 209.63799 209.78635 209.93471 210.08307 210.23143 210.37979 210.52816 210.67652 210.82488 210.97324 211.1216 211.26996 211.41832 211.56668 211.71504 211.8634 212.01177 212.16013 212.30849 212.45685 212.60521 212.75357 212.90193 213.05029 213.19865 213.34701 213.49538 213.64374 213.7921 213.94046 214.08882 214.23718 214.38554 214.5339 214.68226 214.83062
206.22991 206.37827 206.52663 206.675 206.82336 206.97172 207.12008 207.26844 207.4168 207.56516 207.71352 207.86188 208.01024 208.1586 208.30697 208.45533 208.60369 208.75205 208.90041 209.04877 209.19713 209.34549 209.49385 209.64221 209.79058 209.93894 210.0873 210.23566 210.38402 210.53238 210.68074 210.8291 210.97746 211.12582 211.27419 211.42255 211.57091 211.71927 211.86763 212.01599 212.16435 212.31271 212.46107 212.60943 212.7578 212.90616 213.05452 213.20288 213.35124 213.4996 213.64796 213.79632 213.94468 214.09304 214.24141 214.38977 214.53813 214.68649 214.83485 214.98321 215.13157 215.27993
206.67922 206.82758 206.97594 207.1243 207.27266 207.42103 207.56939 207.71775 207.86611 208.01447 208.16283 208.31119 208.45955 208.60791 208.75627 208.90463 209.053 209.20136 209.34972 209.49808 209.64644 209.7948 209.94316 210.09152 210.23988 210.38824 210.53661 210.68497 210.83333 210.98169 211.13005 211.27841 211.42677 211.57513 211.72349 211.87185 212.02022 212.16858 212.31694 212.4653 212.61366 212.76202 212.91038 213.05874 213.2071 213.35546 213.50383 213.65219 213.80055 213.94891 214.09727 214.24563 214.39399 214.54235 214.69071 214.83907 214.98744 215.1358 215.28416 215.43252 215.58088 215.72924
207.12853 207.27689 207.42525 207.57361 207.72197 207.87033 208.01869 208.16706 208.31542 208.46378 208.61214 208.7605 208.90886 209.05722 209.20558 209.35394 209.5023 209.65067 209.79903 209.94739 210.09575 210.24411 210.39247 210.54083 210.68919 210.83755 210.98591 211.13427 211.28264 211.431 211.57936 211.72772 211.87608 212.02444 212.1728 212.32116 212.46952 212.61788 212.76625 212.91461 213.06297 213.21133 213.35969 213.50805 213.65641 213.80477 213.95313 214.10149 214.24986 214.39822 214.54658 214.69494 214.8433 214.99166 215.14002 215.28838 215.43674 215.5851 215.73347 215.88183 216.03019 216.17855
207.57784 207.7262 207.87456 208.02292 208.17128 208.31964 208.468 208.61636 208.76472 208.91309 209.06145 209.20981 209.35817 209.50653 209.65489 209.80325 209.95161 210.09997 210.24833 210.3967 210.54506 210.69342 210.84178 210.99014 211.1385 211.28686 211.43522 211.58358 211.73194 211.88031 212.02867 212.17703 212.32539 212.47375 212.62211 212.77047 212.91883 213.06719 213.21555 213.36391 213.51228 213.66064 213.809 213.95736 214.10572 214.25408 214.40244 214.5508 214.69916 214.84752 214.99589 215.14425 215.29261 215.44097 215.58933 215.73769 215.88605 216.03441 216.18277 216.33113 216.4795 216.62786
208.02714 208.17551 208.32387 208.47223 208.62059 208.76895 208.91731 209.06567 209.21403 209.36239 209.51075 209.65912 209.80748 209.95584 210.1042 210.25256 210.40092 210.54928 210.69764 210.846 210.99436 211.14273 211.29109 211.43945 211.58781 211.73617 211.88453 212.03289 212.18125 212.32961 212.47797 212.62634 212.7747 212.92306 213.07142 213.21978 213.36814 213.5165 213.66486 213.81322 213.96158 214.10995 214.25831 214.40667 214.55503 214.70339 214.85175 215.00011 215.14847 215.29683 215.44519 215.59355 215.74192 215.89028 216.03864 216.187 216.33536 216.48372 216.63208 216.78044 216.9288 217.07716
208.47645 208.62481 208.77317 208.92154 209.0699 209.21826 209.36662 209.51498 209.66334 209.8117 209.96006 210.10842 210.25678 210.40515 210.55351 210.70187 210.85023 210.99859 211.14695 211.29531 211.44367 211.59203 211.74039 211.88876 212.03712 212.18548 212.33384 212.4822 212.63056 212.77892 212.92728 213.07564 213.224 213.37237 213.52073 213.66909 213.81745 213.96581 214.11417 214.26253 214.41089 214.55925 214.70761 214.85598 215.00434 215.1527 215.30106 215.44942 215.59778 215.74614 215.8945 216.04286 216.19122 216.33958 216.48795 216.63631 216.78467 216.93303 217.08139 217.22975 217.37811 217.52647
208.92576 209.07412 209.22248 209.37084 209.5192 209.66757 209.81593 209.96429 210.11265 210.26101 210.40937 210.55773 210.70609 210.85445 211.00281 211.15118 211.29954 211.4479 211.59626 211.74462 211.89298 212.04134 212.1897 212.33806 212.48642 212.63479 212.78315 212.93151 213.07987 213.22823 213.37659 213.52495 213.67331 213.82167 213.97003 214.1184 214.26676 214.41512 214.56348 214.71184 214.8602 215.00856 215.15692 215.30528 215.45364 215.60201 215.75037 215.89873 216.04709 216.19545 216.34381 216.49217 216.64053 216.78889 216.93725 217.08562 217.23398 217.38234 217.5307 217.67906 217.82742 217.97578
209.37507 209.52343 209.67179 209.82015 209.96851 210.11687 210.26523 210.4136 210.56196 210.71032 210.85868 211.00704 211.1554 211.30376 211.45212 211.60048 211.74884 211.89721 212.04557 212.19393 212.34229 212.49065 212.63901 212.78737 212.93573 213.08409 213.23245 213.38082 213.52918 213.67754 213.8259 213.97426 214.12262 214.27098 214.41934 214.5677 214.71606 214.86443 215.01279 215.16115 215.30951 215.45787 215.60623 215.75459 215.90295 216.05131 216.19967 216.34804 216.4964 216.64476 216.79312 216.94148 217.08984 217.2382 217.38656 217.53492 217.68328 217.83165 217.98001 218.12837 218.27673 218.42509
209.82438 209.97274 210.1211 210.26946 210.41782 210.56618 210.71454 210.8629 211.01126 211.15963 211.30799 211.45635 211.60471 211.75307 211.90143 212.04979 212.19815 212.34651 212.49487 212.64324 212.7916 212.93996 213.08832 213.23668 213.38504 213.5334 213.68176 213.83012 213.97848 214.12685 214.27521 214.42357 214.57193 214.72029 214.86865 215.01701 215.16537 215.31373 215.46209 215.61046 215.75882 215.90718 216.05554 216.2039 216.35226 216.50062 216.64898 216.79734 216.9457 217.09407 217.24243 217.39079 217.53915 217.68751 217.83587 217.98423 218.13259 218.28095 218.42931 218.57768 218.72604 218.8744
210.27368 210.42205 210.57041 210.71877 210.86713 211.01549 211.16385 211.31221 211.46057 211.60893 211.75729 211.90566 212.05402 212.20238 212.35074 212.4991 212.64746 212.79582 212.94418 213.09254 213.2409 213.38927 213.53763 213.68599 213.83435 213.98271 214.13107 214.27943 214.42779 214.57615 214.72451 214.87288 215.02124 215.1696 215.31796 215.46632 215.61468 215.76304 215.9114 216.05976 216.20812 216.35649 216.50485 216.65321 216.80157 216.94993 217.09829 217.24665 217.39501 217.54337 217.69173 217.8401 217.98846 218.13682 218.28518 218.43354 218.5819 218.73026 218.87862 219.02698 219.17534 219.32371
210.72299 210.87135 211.01971 211.16808 211.31644 211.4648 211.61316 211.76152 211.90988 212.05824 212.2066 212.35496 212.50332 212.65169 212.80005 212.94841 213.09677 213.24513 213.39349 213.54185 213.69021 213.83857 213.98693 214.1353 214.28366 214.43202 214.58038 214.72874 214.8771 215.02546 215.17382 215.32218 215.47054 215.61891 215.76727 215.91563 216.06399 216.21235 216.36071 216.50907 216.65743 216.80579 216.95415 217.10252 217.25088 217.39924 217.5476 217.69596 217.84432 217.99268 218.14104 218.2894 218.43776 218.58613 218.73449 218.88285 219.03121 219.17957 219.32793 219.47629 219.62465 219.77301
211.1723 211.32066 211.46902 211.61738 211.76574 211.91411 212.06247 212.21083 212.35919 212.50755 212.65591 212.80427 212.95263 213.10099 213.24935 213.39772 213.54608 213.69444 213.8428 213.99116 214.13952 214.28788 214.43624 214.5846 214.73296 214.88133 215.02969 215.17805 215.32641 215.47477 215.62313 215.77149 215.91985 216.06821 216.21657 216.36494 216.5133 216.66166 216.81002 216.95838 217.10674 217.2551 217.40346 217.55182 217.70018 217.84855 217.99691 218.14527 218.29363 218.44199 218.59035 218.73871 218.88707 219.03543 219.18379 219.33216 219.48052 219.62888 219.77724 219.9256 220.07396 220.22232
211.62161 211.76997 211.91833 212.06669 212.21505 212.36341 212.51177 212.66014 212.8085 212.95686 213.10522 213.25358 213.40194 213.5503 213.69866 213.84702 213.99538 214.14375 214.29211 214.44047 214.58883 214.73719 214.88555 215.03391 215.18227 215.33063 215.47899 215.62736 215.77572 215.92408 216.07244 216.2208 216.36916 216.51752 216.66588 216.81424 216.9626 217.11097 217.25933 217.40769 217.55605 217.70441 217.85277 218.00113 218.14949 218.29785 218.44621 218.59458 218.74294 218.8913 219.03966 219.18802 219.33638 219.48474 219.6331 219.78146 219.92982 220.07819 220.22655 220.37491 220.52327 220.67163
212.07092 212.21928 212.36764 212.516 212.66436 212.81272 212.96108 213.10944 213.2578 213.40617 213.55453 213.70289 213.85125 213.99961 214.14797 214.29633 214.44469 214.59305 214.74141 214.88978 215.03814 215.1865 215.33486 215.48322 215.63158 215.77994 215.9283 216.07666 216.22502 216.37339 216.52175 216.67011 216.81847 216.96683 217.11519 217.26355 217.41191 217.56027 217.70863 217.857 218.00536 218.15372 218.30208 218.45044 218.5988 218.74716 218.89552 219.04388 219.19224 219.34061 219.48897 219.63733 219.78569 219.93405 220.08241 220.23077 220.37913 220.52749 220.67585 220.82422 220.97258 221.12094
212.52022 212.66859 212.81695 212.96531 213.11367 213.26203 213.41039 213.55875 213.70711 213.85547 214.00383 214.1522 214.30056 214.44892 214.59728 214.74564 214.894 215.04236 215.19072 215.33908 215.48744 215.63581 215.78417 215.93253 216.08089 216.22925 216.37761 216.52597 216.67433 216.82269 216.97105 217.11942 217.26778 217.41614 217.5645 217.71286 217.86122 218.00958 218.15794 218.3063 218.45466 218.60303 218.75139 218.89975 219.04811 219.19647 219.34483 219.49319 219.64155 219.78991 219.93827 220.08664 220.235 220.38336 220.53172 220.68008 220.82844 220.9768 221.12516 221.27352 221.42188 221.57025
212.96953 213.11789 213.26626 213.41462 213.56298 213.71134 213.8597 214.00806 214.15642 214.30478 214.45314 214.6015 214.74986 214.89823 215.04659 215.19495 215.34331 215.49167 215.64003 215.78839 215.93675 216.08511 216.23347 216.38184 216.5302 216.67856 216.82692 216.97528 217.12364 217.272 217.42036 217.56872 217.71708 217.86545 218.01381 218.16217 218.31053 218.45889 218.60725 218.75561 218.90397 219.05233 219.20069 219.34906 219.49742 219.64578 219.79414 219.9425 220.09086 220.23922 220.38758 220.53594 220.6843 220.83267 220.98103 221.12939 221.27775 221.42611 221.57447 221.72283 221.87119 222.01955
213.41884 213.5672 213.71556 213.86392 214.01229 214.16065 214.30901 214.45737 214.60573 214.75409 214.90245 215.05081 215.19917 215.34753 215.4959 215.64426 215.79262 215.94098 216.08934 216.2377 216.38606 216.53442 216.68278 216.83114 216.9795 217.12787 217.27623 217.42459 217.57295 217.72131 217.86967 218.01803 218.16639 218.31475 218.46311 218.61148 218.75984 218.9082 219.05656 219.20492 219.35328 219.50164 219.65 219.79836 219.94672 220.09509 220.24345 220.39181 220.54017 220.68853 220.83689 220.98525 221.13361 221.28197 221.43033 221.5787 221.72706 221.87542 222.02378 222.17214 222.3205 222.46886
213.86815 214.01651 214.16487 214.31323 214.46159 214.60995 214.75832 214.90668 215.05504 215.2034 215.35176 215.50012 215.64848 215.79684 215.9452 216.09356 216.24193 216.39029 216.53865 216.68701 216.83537 216.98373 217.13209 217.28045 217.42881 217.57717 217.72553 217.8739 218.02226 218.17062 218.31898 218.46734 218.6157 218.76406 218.91242 219.06078 219.20914 219.35751 219.50587 219.65423 219.80259 219.95095 220.09931 220.24767 220.39603 220.54439 220.69275 220.84112 220.98948 221.13784 221.2862 221.43456 221.58292 221.73128 221.87964 222.028 222.17636 222.32473 222.47309 222.62145 222.76981 222.91817
214.31746 214.46582 214.61418 214.76254 214.9109 215.05926 215.20762 215.35598 215.50435 215.65271 215.80107 215.94943 216.09779 216.24615 216.39451 216.54287 216.69123 216.83959 216.98796 217.13632 217.28468 217.43304 217.5814 217.72976 217.87812 218.02648 218.17484 218.3232 218.47157 218.61993 218.76829 218.91665 219.06501 219.21337 219.36173 219.51009 219.65845 219.80681 219.95517 220.10354 220.2519 220.40026 220.54862 220.69698 220.84534 220.9937 221.14206 221.29042 221.43878 221.58715 221.73551 221.88387 222.03223 222.18059 222.32895 222.47731 222.62567 222.77403 222.92239 223.07076 223.21912 223.36748
214.76677 214.91513 215.06349 215.21185 215.36021 215.50857 215.65693 215.80529 215.95365 216.10201 216.25038 216.39874 216.5471 216.69546 216.84382 216.99218 217.14054 217.2889 217.43726 217.58562 217.73399 217.88235 218.03071 218.17907 218.32743 218.47579 218.62415 218.77251 218.92087 219.06923 219.2176 219.36596 219.51432 219.66268 219.81104 219.9594 220.10776 220.25612 220.40448 220.55284 220.70121 220.84957 220.99793 221.14629 221.29465 221.44301 221.59137 221.73973 221.88809 222.03645 222.18481 222.33318 222.48154 222.6299 222.77826 222.92662 223.07498 223.22334 223.3717 223.52006 223.66842 223.81679
215.21607 215.36443 215.5128 215.66116 215.80952 215.95788 216.10624 216.2546 216.40296 216.55132 216.69968 216.84804 216.99641 217.14477 217.29313 217.44149 217.58985 217.73821 217.88657 218.03493 218.18329 218.33165 218.48002 218.62838 218.77674 218.9251 219.07346 219.22182 219.37018 219.51854 219.6669 219.81526 219.96363 220.11199 220.26035 220.40871 220.55707 220.70543 220.85379 221.00215 221.15051 221.29887 221.44724 221.5956 221.74396 221.89232 222.04068 222.18904 222.3374 222.48576 222.63412 222.78248 222.93085 223.07921 223.22757 223.37593 223.52429 223.67265 223.82101 223.96937 224.11773 224.26609
215.66538 215.81374 215.9621 216.11046 216.25883 216.40719 216.55555 216.70391 216.85227 217.00063 217.14899 217.29735 217.44571 217.59407 217.74244 217.8908 218.03916 218.18752 218.33588 218.48424 218.6326 218.78096 218.92932 219.07768 219.22605 219.37441 219.52277 219.67113 219.81949 219.96785 220.11621 220.26457 220.41293 220.56129 220.70966 220.85802 221.00638 221.15474 221.3031 221.45146 221.59982 221.74818 221.89654 222.0449 222.19327 222.34163 222.48999 222.63835 222.78671 222.93507 223.08343 223.23179 223.38015 223.52851 223.67688 223.82524 223.9736 224.12196 224.27032 224.41868 224.56704 224.7154
216.11469 216.26305 216.41141 216.55977 216.70813 216.85649 217.00486 217.15322 217.30158 217.44994 217.5983 217.74666 217.89502 218.04338 218.19174 218.3401 218.48847 218.63683 218.78519 218.93355 219.08191 219.23027 219.37863 219.52699 219.67535 219.82371 219.97208 220.12044 220.2688 220.41716 220.56552 220.71388 220.86224 221.0106 221.15896 221.30732 221.45569 221.60405 221.75241 221.90077 222.04913 222.19749 222.34585 222.49421 222.64257 222.79093 222.9393 223.08766 223.23602 223.38438 223.53274 223.6811 223.82946 223.97782 224.12618 224.27454 224.42291 224.57127 224.71963 224.86799 225.01635 225.16471
216.564 216.71236 216.86072 217.00908 217.15744 217.3058 217.45416 217.60252 217.75089 217.89925 218.04761 218.19597 218.34433 218.49269 218.64105 218.78941 218.93777 219.08613 219.2345 219.38286 219.53122 219.67958 219.82794 219.9763 220.12466 220.27302 220.42138 220.56974 220.71811 220.86647 221.01483 221.16319 221.31155 221.45991 221.60827 221.75663 221.90499 222.05335 222.20172 222.35008 222.49844 222.6468 222.79516 222.94352 223.09188 223.24024 223.3886 223.53696 223.68533 223.83369 223.98205 224.13041 224.27877 224.42713 224.57549 224.72385 224.87221 225.02057 225.16894 225.3173 225.46566 225.61402
217.01331 217.16167 217.31003 217.45839 217.60675 217.75511 217.90347 218.05183 218.20019 218.34855 218.49692 218.64528 218.79364 218.942 219.09036 219.23872 219.38708 219.53544 219.6838 219.83216 219.98053 220.12889 220.27725 220.42561 220.57397 220.72233 220.87069 221.01905 221.16741 221.31577 221.46414 221.6125 221.76086 221.90922 222.05758 222.20594 222.3543 222.50266 222.65102 222.79938 222.94775 223.09611 223.24447 223.39283 223.54119 223.68955 223.83791 223.98627 224.13463 224.28299 224.43136 224.57972 224.72808 224.87644 225.0248 225.17316 225.32152 225.46988 225.61824 225.7666 225.91497 226.06333
217.46261 217.61097 217.75934 217.9077 218.05606 218.20442 218.35278 218.50114 218.6495 218.79786 218.94622 219.09458 219.24295 219.39131 219.53967 219.68803 219.83639 219.98475 220.13311 220.28147 220.42983 220.57819 220.72656 220.87492 221.02328 221.17164 221.32 221.46836 221.61672 221.76508 221.91344 222.0618 222.21017 222.35853 222.50689 222.65525 222.80361 222.95197 223.10033 223.24869 223.39705 223.54541 223.69378 223.84214 223.9905 224.13886 224.28722 224.43558 224.58394 224.7323 224.88066 225.02902 225.17739 225.32575 225.47411 225.62247 225.77083 225.91919 226.06755 226.21591 226.36427 226.51263
217.91192 218.06028 218.20864 218.357 218.50537 218.65373 218.80209 218.95045 219.09881 219.24717 219.39553 219.54389 219.69225 219.84061 219.98898 220.13734 220.2857 220.43406 220.58242 220.73078 220.87914 221.0275 221.17586 221.32422 221.47259 221.62095 221.76931 221.91767 222.06603 222.21439 222.36275 222.51111 222.65947 222.80783 222.9562 223.10456 223.25292 223.40128 223.54964 223.698 223.84636 223.99472 224.14308 224.29144 224.43981 224.58817 224.73653 224.88489 225.03325 225.18161 225.32997 225.47833 225.62669 225.77505 225.92342 226.07178 226.22014 226.3685 226.51686 226.66522 226.81358 226.96194
