gtx/eda_oc/geodata/true_temp/upper_eagle_tt.tif
NCOLS 999
NROWS 356
XLLCORNER -100.43778
YLLCORNER 28.185137
DX 0.0025609929
DY 0.002556898
NODATA_VALUE -9999
[rows 56 to 83 of 356, columns 620 to 681 of 999]
174.11754 174.19678 174.27602 174.35525 174.43449 174.51373 174.59297 174.67221 174.75145 174.83068 174.90992 174.98916 175.0684 175.14764 175.22688 175.30611 175.38535 175.46459 175.54383 175.62307 175.70231 175.78154 175.86078 175.94002 176.01926 176.0985 176.17774 176.25697 176.33621 176.41545 176.49469 176.57393 176.65316 176.7324 176.81164 176.89088 176.97012 177.04936 177.12859 177.20783 177.28707 177.39003 177.55164 177.71325 177.87486 178.03647 178.19808 178.35969 178.5213 178.68291 178.84452 179.00613 179.16774 179.32935 179.49096 179.65257 179.81418 179.97579 180.1374 180.29901 180.46062 180.62223
174.65132 174.73056 174.80979 174.88903 174.96827 175.04751 175.12675 175.20599 175.28522 175.36446 175.4437 175.52294 175.60218 175.68142 175.76065 175.83989 175.91913 175.99837 176.07761 176.15684 176.23608 176.31532 176.39456 176.4738 176.55304 176.63227 176.71151 176.79075 176.86999 176.94923 177.02847 177.1077 177.18694 177.26618 177.34542 177.42466 177.5039 177.58313 177.66237 177.74161 177.85738 178.01899 178.1806 178.34221 178.50382 178.66543 178.82704 178.98865 179.15026 179.31187 179.47348 179.63509 179.7967 179.95831 180.11992 180.28153 180.44314 180.60475 180.76636 180.92797 181.08958 181.25119
175.1851 175.26433 175.34357 175.42281 175.50205 175.58129 175.66052 175.73976 175.819 175.89824 175.97748 176.05672 176.13595 176.21519 176.29443 176.37367 176.45291 176.53215 176.61138 176.69062 176.76986 176.8491 176.92834 177.00758 177.08681 177.16605 177.24529 177.32453 177.40377 177.48301 177.56224 177.64148 177.72072 177.79996 177.8792 177.95844 178.03767 178.11691 178.19615 178.32473 178.48634 178.64795 178.80956 178.97117 179.13278 179.29439 179.456 179.61761 179.77922 179.94083 180.10244 180.26405 180.42566 180.58727 180.74888 180.91049 181.0721 181.23371 181.39532 181.55693 181.71854 181.88015
175.71887 175.79811 175.87735 175.95659 176.03583 176.11506 176.1943 176.27354 176.35278 176.43202 176.51126 176.59049 176.66973 176.74897 176.82821 176.90745 176.98669 177.06592 177.14516 177.2244 177.30364 177.38288 177.46212 177.54135 177.62059 177.69983 177.77907 177.85831 177.93755 178.01678 178.09602 178.17526 178.2545 178.33374 178.41298 178.49221 178.57145 178.65069 178.79208 178.95369 179.1153 179.27691 179.43852 179.60013 179.76174 179.92335 180.08496 180.24657 180.40818 180.56979 180.7314 180.89301 181.05462 181.21623 181.37784 181.53945 181.70106 181.86267 182.02428 182.18589 182.3475 182.50911
176.25265 176.33189 176.41113 176.49037 176.5696 176.64884 176.72808 176.80732 176.88656 176.9658 177.04503 177.12427 177.20351 177.28275 177.36199 177.44123 177.52046 177.5997 177.67894 177.75818 177.83742 177.91666 177.99589 178.07513 178.15437 178.23361 178.31285 178.39209 178.47132 178.55056 178.6298 178.70904 178.78828 178.86751 178.94675 179.02599 179.10523 179.25943 179.42104 179.58265 179.74426 179.90587 180.06748 180.22909 180.3907 180.55231 180.71392 180.87553 181.03714 181.19875 181.36036 181.52197 181.68358 181.84519 182.0068 182.16841 182.33002 182.49163 182.65324 182.81485 182.97646 183.13807
176.78643 176.86567 176.94491 177.02414 177.10338 177.18262 177.26186 177.3411 177.42034 177.49957 177.57881 177.65805 177.73729 177.81653 177.89577 177.975 178.05424 178.13348 178.21272 178.29196 178.37119 178.45043 178.52967 178.60891 178.68815 178.76739 178.84662 178.92586 179.0051 179.08434 179.16358 179.24282 179.32205 179.40129 179.48053 179.56517 179.72678 179.88839 180.05 180.21161 180.37322 180.53483 180.69644 180.85805 181.01966 181.18127 181.34288 181.50449 181.6661 181.82771 181.98932 182.15093 182.31254 182.47415 182.63576 182.79737 182.95898 183.12059 183.2822 183.44381 183.60542 183.76703
177.32021 177.39945 177.47868 177.55792 177.63716 177.7164 177.79564 177.87487 177.95411 178.03335 178.11259 178.19183 178.27107 178.3503 178.42954 178.50878 178.58802 178.66726 178.7465 178.82573 178.90497 178.98421 179.06345 179.14269 179.22193 179.30116 179.3804 179.45964 179.53888 179.61812 179.69736 179.77659 179.85583 179.93507 180.03252 180.19413 180.35574 180.51735 180.67896 180.84057 181.00218 181.16379 181.3254 181.48701 181.64862 181.81023 181.97184 182.13345 182.29506 182.45667 182.61828 182.77989 182.9415 183.10311 183.26472 183.42633 183.58794 183.74955 183.91116 184.07277 184.23438 184.39599
177.85398 177.93322 178.01246 178.0917 178.17094 178.25018 178.32941 178.40865 178.48789 178.56713 178.64637 178.72561 178.80484 178.88408 178.96332 179.04256 179.1218 179.20104 179.28027 179.35951 179.43875 179.51799 179.59723 179.67647 179.7557 179.83494 179.91418 179.99342 180.07266 180.1519 180.23113 180.31037 180.38961 180.49987 180.66148 180.82309 180.9847 181.14631 181.30792 181.46953 181.63114 181.79275 181.95436 182.11597 182.27758 182.43919 182.6008 182.76241 182.92402 183.08563 183.24724 183.40885 183.57046 183.73207 183.89368 184.05529 184.2169 184.37851 184.54012 184.70173 184.86334 185.02495
178.38776 178.467 178.54624 178.62548 178.70472 178.78395 178.86319 178.94243 179.02167 179.10091 179.18015 179.25938 179.33862 179.41786 179.4971 179.57634 179.65558 179.73481 179.81405 179.89329 179.97253 180.05177 180.13101 180.21024 180.28948 180.36872 180.44796 180.5272 180.60644 180.68567 180.76491 180.84415 180.96722 181.12883 181.29044 181.45205 181.61366 181.77527 181.93688 182.09849 182.2601 182.42171 182.58332 182.74493 182.90654 183.06815 183.22976 183.39137 183.55298 183.71459 183.8762 184.03781 184.19942 184.36103 184.52264 184.68425 184.84586 185.00747 185.16908 185.33069 185.4923 185.65391
178.92154 179.00078 179.08002 179.15926 179.23849 179.31773 179.39697 179.47621 179.55545 179.63469 179.71392 179.79316 179.8724 179.95164 180.03088 180.11012 180.18935 180.26859 180.34783 180.42707 180.50631 180.58554 180.66478 180.74402 180.82326 180.9025 180.98174 181.06097 181.14021 181.21945 181.29869 181.43457 181.59618 181.75779 181.9194 182.08101 182.24262 182.40423 182.56584 182.72745 182.88906 183.05067 183.21228 183.37389 183.5355 183.69711 183.85872 184.02033 184.18194 184.34355 184.50516 184.66677 184.82838 184.98999 185.1516 185.31321 185.47482 185.63643 185.79804 185.95965 186.12126 186.28287
179.45532 179.53456 179.6138 179.69303 179.77227 179.85151 179.93075 180.00999 180.08922 180.16846 180.2477 180.32694 180.40618 180.48542 180.56465 180.64389 180.72313 180.80237 180.88161 180.96085 181.04008 181.11932 181.19856 181.2778 181.35704 181.43628 181.51551 181.59475 181.67399 181.75323 181.90192 182.06353 182.22514 182.38675 182.54836 182.70997 182.87158 183.03319 183.1948 183.35641 183.51802 183.67963 183.84124 184.00285 184.16446 184.32607 184.48768 184.64929 184.8109 184.97251 185.13412 185.29573 185.45734 185.61895 185.78056 185.94217 186.10378 186.26539 186.427 186.58861 186.75022 186.91183
179.9891 180.06833 180.14757 180.22681 180.30605 180.38529 180.46453 180.54376 180.623 180.70224 180.78148 180.86072 180.93996 181.01919 181.09843 181.17767 181.25691 181.33615 181.41539 181.49462 181.57386 181.6531 181.73234 181.81158 181.89082 181.97005 182.04929 182.12853 182.20777 182.36927 182.53088 182.69249 182.8541 183.01571 183.17732 183.33893 183.50054 183.66215 183.82376 183.98537 184.14698 184.30859 184.4702 184.63181 184.79342 184.95503 185.11664 185.27825 185.43986 185.60147 185.76308 185.92469 186.0863 186.24791 186.40952 186.57113 186.73274 186.89435 187.05596 187.21757 187.37918 187.54079
180.52287 180.60211 180.68135 180.76059 180.83983 180.91907 180.9983 181.07754 181.15678 181.23602 181.31526 181.3945 181.47373 181.55297 181.63221 181.71145 181.79069 181.86993 181.94916 182.0284 182.10764 182.18688 182.26612 182.34536 182.42459 182.50383 182.58307 182.67501 182.83662 182.99823 183.15984 183.32145 183.48306 183.64467 183.80628 183.96789 184.1295 184.29111 184.45272 184.61433 184.77594 184.93755 185.09916 185.26077 185.42238 185.58399 185.7456 185.90721 186.06882 186.23043 186.39204 186.55365 186.71526 186.87687 187.03848 187.20009 187.3617 187.52331 187.68492 187.84653 188.00814 188.16975
181.05665 181.13589 181.21513 181.29437 181.37361 181.45284 181.53208 181.61132 181.69056 181.7698 181.84904 181.92827 182.00751 182.08675 182.16599 182.24523 182.32447 182.4037 182.48294 182.56218 182.64142 182.72066 182.7999 182.87913 182.95837 183.03761 183.14236 183.30397 183.46558 183.62719 183.7888 183.95041 184.11202 184.27363 184.43524 184.59685 184.75846 184.92007 185.08168 185.24329 185.4049 185.56651 185.72812 185.88973 186.05134 186.21295 186.37456 186.53617 186.69778 186.85939 187.021 187.18261 187.34422 187.50583 187.66744 187.82905 187.99066 188.15227 188.31388 188.47549 188.6371 188.79871
181.59043 181.66967 181.74891 181.82815 181.90738 181.98662 182.06586 182.1451 182.22434 182.30358 182.38281 182.46205 182.54129 182.62053 182.69977 182.779 182.85824 182.93748 183.01672 183.09596 183.1752 183.25443 183.33367 183.41291 183.49215 183.60971 183.77132 183.93293 184.09454 184.25615 184.41776 184.57937 184.74098 184.90259 185.0642 185.22581 185.38742 185.54903 185.71064 185.87225 186.03386 186.19547 186.35708 186.51869 186.6803 186.84191 187.00352 187.16513 187.32674 187.48835 187.64996 187.81157 187.97318 188.13479 188.2964 188.45801 188.61962 188.78123 188.94284 189.10445 189.26606 189.42767
182.12421 182.20345 182.28268 182.36192 182.44116 182.5204 182.59964 182.67888 182.75811 182.83735 182.91659 182.99583 183.07507 183.15431 183.23354 183.31278 183.39202 183.47126 183.5505 183.62974 183.70897 183.78821 183.86745 183.94669 184.07706 184.23867 184.40028 184.56189 184.7235 184.88511 185.04672 185.20833 185.36994 185.53155 185.69316 185.85477 186.01638 186.17799 186.3396 186.50121 186.66282 186.82443 186.98604 187.14765 187.30926 187.47087 187.63248 187.79409 187.9557 188.11731 188.27892 188.44053 188.60214 188.76375 188.92536 189.08697 189.24858 189.41019 189.5718 189.73341 189.89502 190.05663
182.65799 182.73722 182.81646 182.8957 182.97494 183.05418 183.13342 183.21265 183.29189 183.37113 183.45037 183.52961 183.60885 183.68808 183.76732 183.84656 183.9258 184.00504 184.08428 184.16351 184.24275 184.32199 184.40123 184.54441 184.70602 184.86763 185.02924 185.19085 185.35246 185.51407 185.67568 185.83729 185.9989 186.16051 186.32212 186.48373 186.64534 186.80695 186.96856 187.13017 187.29178 187.45339 187.615 187.77661 187.93822 188.09983 188.26144 188.42305 188.58466 188.74627 188.90788 189.06949 189.2311 189.39271 189.55432 189.71593 189.87754 190.03915 190.20076 190.36237 190.52398 190.68559
183.19176 183.271 183.35024 183.42948 183.50872 183.58796 183.66719 183.74643 183.82567 183.90491 183.98415 184.06339 184.14262 184.22186 184.3011 184.38034 184.45958 184.53882 184.61805 184.69729 184.77653 184.85577 185.01176 185.17337 185.33498 185.49659 185.6582 185.81981 185.98142 186.14303 186.30464 186.46625 186.62786 186.78947 186.95108 187.11269 187.2743 187.43591 187.59752 187.75913 187.92074 188.08235 188.24396 188.40557 188.56718 188.72879 188.8904 189.05201 189.21362 189.37523 189.53684 189.69845 189.86006 190.02167 190.18328 190.34489 190.5065 190.66811 190.82972 190.99133 191.15294 191.31455
183.72554 183.80478 183.88402 183.96326 184.0425 184.12173 184.20097 184.28021 184.35945 184.43869 184.51793 184.59716 184.6764 184.75564 184.83488 184.91412 184.99335 185.07259 185.15183 185.23107 185.3175 185.47911 185.64072 185.80233 185.96394 186.12555 186.28716 186.44877 186.61038 186.77199 186.9336 187.09521 187.25682 187.41843 187.58004 187.74165 187.90326 188.06487 188.22648 188.38809 188.5497 188.71131 188.87292 189.03453 189.19614 189.35775 189.51936 189.68097 189.84258 190.00419 190.1658 190.32741 190.48902 190.65063 190.81224 190.97385 191.13546 191.29707 191.45868 191.62029 191.7819 191.9435
184.25932 184.33856 184.4178 184.49703 184.57627 184.65551 184.73475 184.81399 184.89323 184.97246 185.0517 185.13094 185.21018 185.28942 185.36866 185.44789 185.52713 185.60637 185.68561 185.78485 185.94646 186.10807 186.26968 186.43129 186.5929 186.75451 186.91612 187.07773 187.23934 187.40095 187.56256 187.72417 187.88578 188.04739 188.209 188.37061 188.53222 188.69383 188.85544 189.01705 189.17866 189.34027 189.50188 189.66349 189.8251 189.98671 190.14832 190.30993 190.47154 190.63315 190.79476 190.95637 191.11798 191.27959 191.4412 191.60281 191.76442 191.92603 192.08764 192.24925 192.41085 192.57246
184.7931 184.87234 184.95157 185.03081 185.11005 185.18929 185.26853 185.34777 185.427 185.50624 185.58548 185.66472 185.74396 185.8232 185.90243 185.98167 186.06091 186.14015 186.2522 186.41381 186.57542 186.73703 186.89864 187.06025 187.22186 187.38347 187.54508 187.70669 187.8683 188.02991 188.19152 188.35313 188.51474 188.67635 188.83796 188.99957 189.16118 189.32279 189.4844 189.64601 189.80762 189.96923 190.13084 190.29245 190.45406 190.61567 190.77728 190.93889 191.1005 191.26211 191.42372 191.58533 191.74694 191.90855 192.07016 192.23177 192.39338 192.55499 192.7166 192.8782 193.03981 193.20142
185.32688 185.40611 185.48535 185.56459 185.64383 185.72307 185.80231 185.88154 185.96078 186.04002 186.11926 186.1985 186.27774 186.35697 186.43621 186.51545 186.59469 186.71955 186.88116 187.04277 187.20438 187.36599 187.5276 187.68921 187.85082 188.01243 188.17404 188.33565 188.49726 188.65887 188.82048 188.98209 189.1437 189.30531 189.46692 189.62853 189.79014 189.95175 190.11336 190.27497 190.43658 190.59819 190.7598 190.92141 191.08302 191.24463 191.40624 191.56785 191.72946 191.89107 192.05268 192.21429 192.3759 192.53751 192.69912 192.86073 193.02234 193.18395 193.34555 193.48982 193.61081 193.73179
185.86065 185.93989 186.01913 186.09837 186.17761 186.25685 186.33608 186.41532 186.49456 186.5738 186.65304 186.73228 186.81151 186.89075 186.96999 187.04923 187.1869 187.34851 187.51012 187.67173 187.83334 187.99495 188.15656 188.31817 188.47978 188.64139 188.803 188.96461 189.12622 189.28783 189.44944 189.61105 189.77266 189.93427 190.09588 190.25749 190.4191 190.58071 190.74232 190.90393 191.06554 191.22715 191.38876 191.55037 191.71198 191.87359 192.0352 192.19681 192.35842 192.52003 192.68164 192.84325 193.00486 193.16647 193.32808 193.4746 193.59559 193.71657 193.83755 193.95854 194.07952 194.2005
186.39443 186.47367 186.55291 186.63215 186.71138 186.79062 186.86986 186.9491 187.02834 187.10758 187.18681 187.26605 187.34529 187.42453 187.50377 187.65425 187.81586 187.97747 188.13908 188.30069 188.4623 188.62391 188.78552 188.94713 189.10874 189.27035 189.43196 189.59357 189.75518 189.91679 190.0784 190.24001 190.40162 190.56323 190.72484 190.88645 191.04806 191.20967 191.37128 191.53289 191.6945 191.85611 192.01772 192.17933 192.34094 192.50255 192.66416 192.82577 192.98738 193.14899 193.3106 193.45939 193.58037 193.70135 193.82233 193.94332 194.0643 194.18528 194.30627 194.42725 194.54823 194.66922
186.92821 187.00745 187.08669 187.16592 187.24516 187.3244 187.40364 187.48288 187.56212 187.64135 187.72059 187.79983 187.87907 187.95999 188.1216 188.28321 188.44482 188.60643 188.76804 188.92965 189.09126 189.25287 189.41448 189.57609 189.7377 189.89931 190.06092 190.22253 190.38414 190.54575 190.70736 190.86897 191.03058 191.19219 191.3538 191.51541 191.67702 191.83863 192.00024 192.16185 192.32346 192.48507 192.64668 192.80829 192.9699 193.13151 193.29312 193.44417 193.56515 193.68613 193.80712 193.9281 194.04908 194.17007 194.29105 194.41203 194.53302 194.654 194.77498 194.89596 195.01695 195.13793
187.46199 187.54123 187.62046 187.6997 187.77894 187.85818 187.93742 188.01666 188.09589 188.17513 188.25437 188.33361 188.42734 188.58895 188.75056 188.91217 189.07378 189.23539 189.397 189.55861 189.72022 189.88183 190.04344 190.20505 190.36666 190.52827 190.68988 190.85149 191.0131 191.17471 191.33632 191.49793 191.65954 191.82115 191.98276 192.14437 192.30598 192.46759 192.6292 192.79081 192.95242 193.11403 193.27564 193.42895 193.54993 193.67092 193.7919 193.91288 194.03386 194.15485 194.27583 194.39681 194.5178 194.63878 194.75976 194.88075 195.00173 195.12271 195.2437 195.36468 195.48566 195.60665
187.99577 188.075 188.15424 188.23348 188.31272 188.39196 188.4712 188.55043 188.62967 188.70891 188.78815 188.89469 189.0563 189.21791 189.37952 189.54113 189.70274 189.86435 190.02596 190.18757 190.34918 190.51079 190.6724 190.83401 190.99562 191.15723 191.31884 191.48045 191.64206 191.80367 191.96528 192.12689 192.2885 192.45011 192.61172 192.77333 192.93494 193.09655 193.25816 193.41373 193.53471 193.6557 193.77668 193.89766 194.01865 194.13963 194.26061 194.3816 194.50258 194.62356 194.74455 194.86553 194.98651 195.10749 195.22848 195.34946 195.47044 195.59143 195.71241 195.83339 195.95438 196.07536
188.52954 188.60878 188.68802 188.76726 188.8465 188.92573 189.00497 189.08421 189.16345 189.24269 189.36204 189.52365 189.68526 189.84687 190.00848 190.17009 190.3317 190.49331 190.65492 190.81653 190.97814 191.13975 191.30136 191.46297 191.62458 191.78619 191.9478 192.10941 192.27102 192.43263 192.59424 192.75585 192.91746 193.07907 193.24068 193.39851 193.5195 193.64048 193.76146 193.88244 194.00343 194.12441 194.24539 194.36638 194.48736 194.60834 194.72933 194.85031 194.97129 195.09228 195.21326 195.33424 195.45523 195.57621 195.69719 195.81818 195.93916 196.06014 196.18112 196.30211 196.42309 196.54407
