gtx/eda_oc/geodata/true_temp/upper_eagle_tt.tif
NCOLS 999
NROWS 356
XLLCORNER -100.43778
YLLCORNER 28.185137
DX 0.0025609929
DY 0.002556898
NODATA_VALUE -9999
[rows 112 to 139 of 356, columns 372 to 433 of 999]
184.38293 184.31719 184.25146 184.18572 184.11999 184.05425 183.98852 183.92278 183.85704 183.79131 183.72557 183.65984 183.5941 183.52837 183.46263 183.3969 183.33116 183.26543 183.19969 183.13395 183.06822 183.00248 182.93675 182.87101 182.80528 182.73954 182.67381 182.60807 182.54234 182.4766 182.41087 182.34513 182.27939 182.21366 182.14792 182.08219 182.01645 181.95072 181.88498 181.81925 181.75351 181.68778 181.62204 181.5563 181.49057 181.42483 181.3591 181.29336 181.22763 181.16189 181.09616 181.03042 180.96469 180.89895 180.83322 180.81592 180.92203 181.02814 181.13426 181.24037 181.34648 181.4526
184.99388 184.92814 184.86241 184.79667 184.73094 184.6652 184.59947 184.53373 184.468 184.40226 184.33653 184.27079 184.20505 184.13932 184.07358 184.00785 183.94211 183.87638 183.81064 183.74491 183.67917 183.61344 183.5477 183.48197 183.41623 183.35049 183.28476 183.21902 183.15329 183.08755 183.02182 182.95608 182.89035 182.82461 182.75888 182.69314 182.6274 182.56167 182.49593 182.4302 182.36446 182.29873 182.23299 182.16726 182.10152 182.03579 181.97005 181.90432 181.83858 181.77284 181.70711 181.64137 181.57564 181.5099 181.44417 181.37843 181.31806 181.42417 181.53029 181.6364 181.74251 181.84863
185.60483 185.5391 185.47336 185.40763 185.34189 185.27616 185.21042 185.14468 185.07895 185.01321 184.94748 184.88174 184.81601 184.75027 184.68454 184.6188 184.55307 184.48733 184.42159 184.35586 184.29012 184.22439 184.15865 184.09292 184.02718 183.96145 183.89571 183.82998 183.76424 183.69851 183.63277 183.56703 183.5013 183.43556 183.36983 183.30409 183.23836 183.17262 183.10689 183.04115 182.97542 182.90968 182.84394 182.77821 182.71247 182.64674 182.581 182.51527 182.44953 182.3838 182.31806 182.25233 182.18659 182.12086 182.05512 181.98938 181.92365 181.85791 181.92632 182.03243 182.13854 182.24466
186.21578 186.15005 186.08431 186.01858 185.95284 185.88711 185.82137 185.75564 185.6899 185.62417 185.55843 185.49269 185.42696 185.36122 185.29549 185.22975 185.16402 185.09828 185.03255 184.96681 184.90108 184.83534 184.76961 184.70387 184.63813 184.5724 184.50666 184.44093 184.37519 184.30946 184.24372 184.17799 184.11225 184.04652 183.98078 183.91504 183.84931 183.78357 183.71784 183.6521 183.58637 183.52063 183.4549 183.38916 183.32343 183.25769 183.19196 183.12622 183.06048 182.99475 182.92901 182.86328 182.79754 182.73181 182.66607 182.60034 182.5346 182.46887 182.40313 182.42846 182.53458 182.64069
186.82674 186.761 186.69527 186.62953 186.5638 186.49806 186.43232 186.36659 186.30085 186.23512 186.16938 186.10365 186.03791 185.97218 185.90644 185.84071 185.77497 185.70923 185.6435 185.57776 185.51203 185.44629 185.38056 185.31482 185.24909 185.18335 185.11762 185.05188 184.98615 184.92041 184.85467 184.78894 184.7232 184.65747 184.59173 184.526 184.46026 184.39453 184.32879 184.26306 184.19732 184.13158 184.06585 184.00011 183.93438 183.86864 183.80291 183.73717 183.67144 183.6057 183.53997 183.47423 183.4085 183.34276 183.27702 183.21129 183.14555 183.07982 183.01408 182.94835 182.93061 183.03672
187.43769 187.37195 187.30622 187.24048 187.17475 187.10901 187.04328 186.97754 186.91181 186.84607 186.78033 186.7146 186.64886 186.58313 186.51739 186.45166 186.38592 186.32019 186.25445 186.18872 186.12298 186.05725 185.99151 185.92577 185.86004 185.7943 185.72857 185.66283 185.5971 185.53136 185.46563 185.39989 185.33416 185.26842 185.20268 185.13695 185.07121 185.00548 184.93974 184.87401 184.80827 184.74254 184.6768 184.61107 184.54533 184.4796 184.41386 184.34812 184.28239 184.21665 184.15092 184.08518 184.01945 183.95371 183.88798 183.82224 183.75651 183.69077 183.62503 183.5593 183.49356 183.43275
188.04864 187.98291 187.91717 187.85144 187.7857 187.71996 187.65423 187.58849 187.52276 187.45702 187.39129 187.32555 187.25982 187.19408 187.12835 187.06261 186.99687 186.93114 186.8654 186.79967 186.73393 186.6682 186.60246 186.53673 186.47099 186.40526 186.33952 186.27379 186.20805 186.14231 186.07658 186.01084 185.94511 185.87937 185.81364 185.7479 185.68217 185.61643 185.5507 185.48496 185.41922 185.35349 185.28775 185.22202 185.15628 185.09055 185.02481 184.95908 184.89334 184.82761 184.76187 184.69614 184.6304 184.56466 184.49893 184.43319 184.36746 184.30172 184.23599 184.17025 184.10452 184.03878
188.65959 188.59386 188.52812 188.46239 188.39665 188.33092 188.26518 188.19945 188.13371 188.06797 188.00224 187.9365 187.87077 187.80503 187.7393 187.67356 187.60783 187.54209 187.47636 187.41062 187.34489 187.27915 187.21341 187.14768 187.08194 187.01621 186.95047 186.88474 186.819 186.75327 186.68753 186.6218 186.55606 186.49032 186.42459 186.35885 186.29312 186.22738 186.16165 186.09591 186.03018 185.96444 185.89871 185.83297 185.76724 185.7015 185.63576 185.57003 185.50429 185.43856 185.37282 185.30709 185.24135 185.17562 185.10988 185.04415 184.97841 184.91267 184.84694 184.7812 184.71547 184.64973
189.27055 189.20481 189.13908 189.07334 189.0076 188.94187 188.87613 188.8104 188.74466 188.67893 188.61319 188.54746 188.48172 188.41599 188.35025 188.28451 188.21878 188.15304 188.08731 188.02157 187.95584 187.8901 187.82437 187.75863 187.6929 187.62716 187.56143 187.49569 187.42995 187.36422 187.29848 187.23275 187.16701 187.10128 187.03554 186.96981 186.90407 186.83834 186.7726 186.70686 186.64113 186.57539 186.50966 186.44392 186.37819 186.31245 186.24672 186.18098 186.11525 186.04951 185.98378 185.91804 185.8523 185.78657 185.72083 185.6551 185.58936 185.52363 185.45789 185.39216 185.32642 185.26069
189.8815 189.81576 189.75003 189.68429 189.61856 189.55282 189.48709 189.42135 189.35561 189.28988 189.22414 189.15841 189.09267 189.02694 188.9612 188.89547 188.82973 188.764 188.69826 188.63253 188.56679 188.50105 188.43532 188.36958 188.30385 188.23811 188.17238 188.10664 188.04091 187.97517 187.90944 187.8437 187.77796 187.71223 187.64649 187.58076 187.51502 187.44929 187.38355 187.31782 187.25208 187.18635 187.12061 187.05488 186.98914 186.9234 186.85767 186.79193 186.7262 186.66046 186.59473 186.52899 186.46326 186.39752 186.33179 186.26605 186.20031 186.13458 186.06884 186.00311 185.93737 185.87164
190.49245 190.42672 190.36098 190.29524 190.22951 190.16377 190.09804 190.0323 189.96657 189.90083 189.8351 189.76936 189.70363 189.63789 189.57215 189.50642 189.44068 189.37495 189.30921 189.24348 189.17774 189.11201 189.04627 188.98054 188.9148 188.84907 188.78333 188.71759 188.65186 188.58612 188.52039 188.45465 188.38892 188.32318 188.25745 188.19171 188.12598 188.06024 187.9945 187.92877 187.86303 187.7973 187.73156 187.66583 187.60009 187.53436 187.46862 187.40289 187.33715 187.27142 187.20568 187.13994 187.07421 187.00847 186.94274 186.877 186.81127 186.74553 186.6798 186.61406 186.54833 186.48259
191.1034 191.03767 190.97193 190.9062 190.84046 190.77473 190.70899 190.64325 190.57752 190.51178 190.44605 190.38031 190.31458 190.24884 190.18311 190.11737 190.05164 189.9859 189.92017 189.85443 189.78869 189.72296 189.65722 189.59149 189.52575 189.46002 189.39428 189.32855 189.26281 189.19708 189.13134 189.0656 188.99987 188.93413 188.8684 188.80266 188.73693 188.67119 188.60546 188.53972 188.47399 188.40825 188.34252 188.27678 188.21104 188.14531 188.07957 188.01384 187.9481 187.88237 187.81663 187.7509 187.68516 187.61943 187.55369 187.48795 187.42222 187.35648 187.29075 187.22501 187.15928 187.09354
191.71436 191.64862 191.58288 191.51715 191.45141 191.38568 191.31994 191.25421 191.18847 191.12274 191.057 190.99127 190.92553 190.85979 190.79406 190.72832 190.66259 190.59685 190.53112 190.46538 190.39965 190.33391 190.26818 190.20244 190.13671 190.07097 190.00523 189.9395 189.87376 189.80803 189.74229 189.67656 189.61082 189.54509 189.47935 189.41362 189.34788 189.28214 189.21641 189.15067 189.08494 189.0192 188.95347 188.88773 188.822 188.75626 188.69053 188.62479 188.55906 188.49332 188.42758 188.36185 188.29611 188.23038 188.16464 188.09891 188.03317 187.96744 187.9017 187.83597 187.77023 187.70449
192.32531 192.25957 192.19384 192.1281 192.06237 191.99663 191.93089 191.86516 191.79942 191.73369 191.66795 191.60222 191.53648 191.47075 191.40501 191.33928 191.27354 191.20781 191.14207 191.07633 191.0106 190.94486 190.87913 190.81339 190.74766 190.68192 190.61619 190.55045 190.48472 190.41898 190.35324 190.28751 190.22177 190.15604 190.0903 190.02457 189.95883 189.8931 189.82736 189.76163 189.69589 189.63016 189.56442 189.49868 189.43295 189.36721 189.30148 189.23574 189.17001 189.10427 189.03854 188.9728 188.90707 188.84133 188.77559 188.70986 188.64412 188.57839 188.51265 188.44692 188.38118 188.31545
192.93626 192.87052 192.80479 192.73905 192.67332 192.60758 192.54185 192.47611 192.41038 192.34464 192.27891 192.21317 192.14743 192.0817 192.01596 191.95023 191.88449 191.81876 191.75302 191.68729 191.62155 191.55582 191.49008 191.42435 191.35861 191.29287 191.22714 191.1614 191.09567 191.02993 190.9642 190.89846 190.83273 190.76699 190.70126 190.63552 190.56978 190.50405 190.43831 190.37258 190.30684 190.24111 190.17537 190.10964 190.0439 189.97817 189.91243 189.8467 189.78096 189.71522 189.64949 189.58375 189.51802 189.45228 189.38655 189.32081 189.25508 189.18934 189.12361 189.05787 188.99213 188.9264
193.54721 193.48148 193.41574 193.35001 193.28427 193.21853 193.1528 193.08706 193.02133 192.95559 192.88986 192.82412 192.75839 192.69265 192.62692 192.56118 192.49545 192.42971 192.36397 192.29824 192.2325 192.16677 192.10103 192.0353 191.96956 191.90383 191.83809 191.77236 191.70662 191.64088 191.57515 191.50941 191.44368 191.37794 191.31221 191.24647 191.18074 191.115 191.04927 190.98353 190.9178 190.85206 190.78632 190.72059 190.65485 190.58912 190.52338 190.45765 190.39191 190.32618 190.26044 190.19471 190.12897 190.06323 189.9975 189.93176 189.86603 189.80029 189.73456 189.66882 189.60309 189.53735
194.15816 194.09243 194.02669 193.96096 193.89522 193.82949 193.76375 193.69802 193.63228 193.56655 193.50081 193.43507 193.36934 193.3036 193.23787 193.17213 193.1064 193.04066 192.97493 192.90919 192.84346 192.77772 192.71199 192.64625 192.58051 192.51478 192.44904 192.38331 192.31757 192.25184 192.1861 192.12037 192.05463 191.9889 191.92316 191.85742 191.79169 191.72595 191.66022 191.59448 191.52875 191.46301 191.39728 191.33154 191.26581 191.20007 191.13434 191.0686 191.00286 190.93713 190.87139 190.80566 190.73992 190.67419 190.60845 190.54272 190.47698 190.41125 190.34551 190.27977 190.21404 190.1483
194.76912 194.70338 194.63765 194.57191 194.50617 194.44044 194.3747 194.30897 194.24323 194.1775 194.11176 194.04603 193.98029 193.91456 193.84882 193.78309 193.71735 193.65161 193.58588 193.52014 193.45441 193.38867 193.32294 193.2572 193.19147 193.12573 193.06 192.99426 192.92852 192.86279 192.79705 192.73132 192.66558 192.59985 192.53411 192.46838 192.40264 192.33691 192.27117 192.20544 192.1397 192.07396 192.00823 191.94249 191.87676 191.81102 191.74529 191.67955 191.61382 191.54808 191.48235 191.41661 191.35087 191.28514 191.2194 191.15367 191.08793 191.0222 190.95646 190.89073 190.82499 190.75926
195.38007 195.31433 195.2486 195.18286 195.11713 195.05139 194.98566 194.91992 194.85419 194.78845 194.72271 194.65698 194.59124 194.52551 194.45977 194.39404 194.3283 194.26257 194.19683 194.1311 194.06536 193.99963 193.93389 193.86815 193.80242 193.73668 193.67095 193.60521 193.53948 193.47374 193.40801 193.34227 193.27654 193.2108 193.14506 193.07933 193.01359 192.94786 192.88212 192.81639 192.75065 192.68492 192.61918 192.55345 192.48771 192.42198 192.35624 192.2905 192.22477 192.15903 192.0933 192.02756 191.96183 191.89609 191.83036 191.76462 191.69889 191.63315 191.56741 191.50168 191.43594 191.37021
195.99102 195.92529 195.85955 195.79382 195.72808 195.66234 195.59661 195.53087 195.46514 195.3994 195.33367 195.26793 195.2022 195.13646 195.07073 195.00499 194.93925 194.87352 194.80778 194.74205 194.67631 194.61058 194.54484 194.47911 194.41337 194.34764 194.2819 194.21616 194.15043 194.08469 194.01896 193.95322 193.88749 193.82175 193.75602 193.69028 193.62455 193.55881 193.49308 193.42734 193.3616 193.29587 193.23013 193.1644 193.09866 193.03293 192.96719 192.90146 192.83572 192.76999 192.70425 192.63851 192.57278 192.50704 192.44131 192.37557 192.30984 192.2441 192.17837 192.11263 192.0469 191.98116
196.60197 196.53624 196.4705 196.40477 196.33903 196.2733 196.20756 196.14183 196.07609 196.01035 195.94462 195.87888 195.81315 195.74741 195.68168 195.61594 195.55021 195.48447 195.41874 195.353 195.28727 195.22153 195.15579 195.09006 195.02432 194.95859 194.89285 194.82712 194.76138 194.69565 194.62991 194.56418 194.49844 194.4327 194.36697 194.30123 194.2355 194.16976 194.10403 194.03829 193.97256 193.90682 193.84109 193.77535 193.70962 193.64388 193.57814 193.51241 193.44667 193.38094 193.3152 193.24947 193.18373 193.118 193.05226 192.98653 192.92079 192.85505 192.78932 192.72358 192.65785 192.59211
197.21293 197.14719 197.08146 197.01572 196.94998 196.88425 196.81851 196.75278 196.68704 196.62131 196.55557 196.48984 196.4241 196.35837 196.29263 196.22689 196.16116 196.09542 196.02969 195.96395 195.89822 195.83248 195.76675 195.70101 195.63528 195.56954 195.5038 195.43807 195.37233 195.3066 195.24086 195.17513 195.10939 195.04366 194.97792 194.91219 194.84645 194.78072 194.71498 194.64924 194.58351 194.51777 194.45204 194.3863 194.32057 194.25483 194.1891 194.12336 194.05763 193.99189 193.92615 193.86042 193.79468 193.72895 193.66321 193.59748 193.53174 193.46601 193.40027 193.33454 193.2688 193.20307
197.82388 197.75814 197.69241 197.62667 197.56094 197.4952 197.42947 197.36373 197.29799 197.23226 197.16652 197.10079 197.03505 196.96932 196.90358 196.83785 196.77211 196.70638 196.64064 196.57491 196.50917 196.44343 196.3777 196.31196 196.24623 196.18049 196.11476 196.04902 195.98329 195.91755 195.85182 195.78608 195.72034 195.65461 195.58887 195.52314 195.4574 195.39167 195.32593 195.2602 195.19446 195.12873 195.06299 194.99726 194.93152 194.86578 194.80005 194.73431 194.66858 194.60284 194.53711 194.47137 194.40564 194.3399 194.27417 194.20843 194.14269 194.07696 194.01122 193.94549 193.87975 193.81402
198.26292 198.32648 198.30336 198.23762 198.17189 198.10615 198.04042 197.97468 197.90895 197.84321 197.77748 197.71174 197.64601 197.58027 197.51453 197.4488 197.38306 197.31733 197.25159 197.18586 197.12012 197.05439 196.98865 196.92292 196.85718 196.79145 196.72571 196.65997 196.59424 196.5285 196.46277 196.39703 196.3313 196.26556 196.19983 196.13409 196.06836 196.00262 195.93688 195.87115 195.80541 195.73968 195.67394 195.60821 195.54247 195.47674 195.411 195.34527 195.27953 195.21379 195.14806 195.08232 195.01659 194.95085 194.88512 194.81938 194.75365 194.68791 194.62218 194.55644 194.49071 194.42497
198.46836 198.53191 198.59546 198.65902 198.72257 198.71711 198.65137 198.58563 198.5199 198.45416 198.38843 198.32269 198.25696 198.19122 198.12549 198.05975 197.99402 197.92828 197.86255 197.79681 197.73107 197.66534 197.5996 197.53387 197.46813 197.4024 197.33666 197.27093 197.20519 197.13946 197.07372 197.00798 196.94225 196.87651 196.81078 196.74504 196.67931 196.61357 196.54784 196.4821 196.41637 196.35063 196.2849 196.21916 196.15342 196.08769 196.02195 195.95622 195.89048 195.82475 195.75901 195.69328 195.62754 195.56181 195.49607 195.43033 195.3646 195.29886 195.23313 195.16739 195.10166 195.03592
198.67379 198.73734 198.8009 198.86445 198.928 198.99156 199.05511 199.11866 199.13085 199.06512 198.99938 198.93365 198.86791 198.80217 198.73644 198.6707 198.60497 198.53923 198.4735 198.40776 198.34203 198.27629 198.21056 198.14482 198.07909 198.01335 197.94761 197.88188 197.81614 197.75041 197.68467 197.61894 197.5532 197.48747 197.42173 197.356 197.29026 197.22452 197.15879 197.09305 197.02732 196.96158 196.89585 196.83011 196.76438 196.69864 196.63291 196.56717 196.50143 196.4357 196.36996 196.30423 196.23849 196.17276 196.10702 196.04129 195.97555 195.90982 195.84408 195.77835 195.71261 195.64687
198.87922 198.94277 199.00633 199.06988 199.13344 199.19699 199.26054 199.3241 199.38765 199.4512 199.51476 199.5446 199.47886 199.41313 199.34739 199.28166 199.21592 199.15019 199.08445 199.01871 198.95298 198.88724 198.82151 198.75577 198.69004 198.6243 198.55857 198.49283 198.4271 198.36136 198.29562 198.22989 198.16415 198.09842 198.03268 197.96695 197.90121 197.83548 197.76974 197.70401 197.63827 197.57254 197.5068 197.44106 197.37533 197.30959 197.24386 197.17812 197.11239 197.04665 196.98092 196.91518 196.84945 196.78371 196.71797 196.65224 196.5865 196.52077 196.45503 196.3893 196.32356 196.25783
199.08465 199.14821 199.21176 199.27531 199.33887 199.40242 199.46597 199.52953 199.59308 199.65664 199.72019 199.78374 199.8473 199.91085 199.95834 199.89261 199.82687 199.76114 199.6954 199.62967 199.56393 199.4982 199.43246 199.36673 199.30099 199.23525 199.16952 199.10378 199.03805 198.97231 198.90658 198.84084 198.77511 198.70937 198.64364 198.5779 198.51216 198.44643 198.38069 198.31496 198.24922 198.18349 198.11775 198.05202 197.98628 197.92055 197.85481 197.78908 197.72334 197.6576 197.59187 197.52613 197.4604 197.39466 197.32893 197.26319 197.19746 197.13172 197.06599 197.00025 196.93451 196.86878
