gtx/eda_duv_oc/geodata/true_temp/battle_tt.tif
NCOLS 999
NROWS 355
XLLCORNER -116.69237
YLLCORNER 52.364864
DX 0.0040375205
DY 0.004035969
NODATA_VALUE -9999
[rows 196 to 223 of 355, columns 756 to 818 of 999]
67.289633 67.21421 67.138786 67.063362 66.987938 66.912514 66.83709 66.761666 66.686242 66.610819 66.535395 66.459971 66.384547 66.309123 66.233699 66.158275 66.082851 66.007427 65.932004 65.85658 65.781156 65.705732 65.630308 65.554884 65.47946 65.404036 65.328612 65.253189 65.177765 65.102341 65.026917 64.951493 64.876069 64.800645 64.725221 64.649798 64.574374 64.49895 64.423526 64.348102 64.272678 64.197254 64.12183 64.046406 63.970983 63.895559 63.820135 63.744711 63.669287 63.593863 63.518439 63.443015 63.367592 63.292168 63.216744 63.14132 63.065896 62.990472 62.915048 62.839624 62.7642 62.688777 62.613353
67.390054 67.314631 67.239207 67.163783 67.088359 67.012935 66.937511 66.862087 66.786663 66.711239 66.635816 66.560392 66.484968 66.409544 66.33412 66.258696 66.183272 66.107848 66.032425 65.957001 65.881577 65.806153 65.730729 65.655305 65.579881 65.504457 65.429033 65.35361 65.278186 65.202762 65.127338 65.051914 64.97649 64.901066 64.825642 64.750219 64.674795 64.599371 64.523947 64.448523 64.373099 64.297675 64.222251 64.146827 64.071404 63.99598 63.920556 63.845132 63.769708 63.694284 63.61886 63.543436 63.468012 63.392589 63.317165 63.241741 63.166317 63.090893 63.015469 62.940045 62.864621 62.789198 62.713774
67.490475 67.415051 67.339628 67.264204 67.18878 67.113356 67.037932 66.962508 66.887084 66.81166 66.736237 66.660813 66.585389 66.509965 66.434541 66.359117 66.283693 66.208269 66.132845 66.057422 65.981998 65.906574 65.83115 65.755726 65.680302 65.604878 65.529454 65.454031 65.378607 65.303183 65.227759 65.152335 65.076911 65.001487 64.926063 64.850639 64.775216 64.699792 64.624368 64.548944 64.47352 64.398096 64.322672 64.247248 64.171825 64.096401 64.020977 63.945553 63.870129 63.794705 63.719281 63.643857 63.568433 63.49301 63.417586 63.342162 63.266738 63.191314 63.11589 63.040466 62.965042 62.889618 62.814195
67.590896 67.515472 67.440049 67.364625 67.289201 67.213777 67.138353 67.062929 66.987505 66.912081 66.836657 66.761234 66.68581 66.610386 66.534962 66.459538 66.384114 66.30869 66.233266 66.157843 66.082419 66.006995 65.931571 65.856147 65.780723 65.705299 65.629875 65.554451 65.479028 65.403604 65.32818 65.252756 65.177332 65.101908 65.026484 64.95106 64.875637 64.800213 64.724789 64.649365 64.573941 64.498517 64.423093 64.347669 64.272245 64.196822 64.121398 64.045974 63.97055 63.895126 63.819702 63.744278 63.668854 63.593431 63.518007 63.442583 63.367159 63.291735 63.216311 63.140887 63.065463 62.990039 62.914616
67.691317 67.615893 67.54047 67.465046 67.389622 67.314198 67.238774 67.16335 67.087926 67.012502 66.937078 66.861655 66.786231 66.710807 66.635383 66.559959 66.484535 66.409111 66.333687 66.258263 66.18284 66.107416 66.031992 65.956568 65.881144 65.80572 65.730296 65.654872 65.579449 65.504025 65.428601 65.353177 65.277753 65.202329 65.126905 65.051481 64.976057 64.900634 64.82521 64.749786 64.674362 64.598938 64.523514 64.44809 64.372666 64.297243 64.221819 64.146395 64.070971 63.995547 63.920123 63.844699 63.769275 63.693851 63.618428 63.543004 63.46758 63.392156 63.316732 63.241308 63.165884 63.09046 63.015037
67.791738 67.716314 67.64089 67.565467 67.490043 67.414619 67.339195 67.263771 67.188347 67.112923 67.037499 66.962076 66.886652 66.811228 66.735804 66.66038 66.584956 66.509532 66.434108 66.358684 66.283261 66.207837 66.132413 66.056989 65.981565 65.906141 65.830717 65.755293 65.679869 65.604446 65.529022 65.453598 65.378174 65.30275 65.227326 65.151902 65.076478 65.001055 64.925631 64.850207 64.774783 64.699359 64.623935 64.548511 64.473087 64.397663 64.32224 64.246816 64.171392 64.095968 64.020544 63.94512 63.869696 63.794272 63.718849 63.643425 63.568001 63.492577 63.417153 63.341729 63.266305 63.190881 63.115457
67.892159 67.816735 67.741311 67.665888 67.590464 67.51504 67.439616 67.364192 67.288768 67.213344 67.13792 67.062496 66.987073 66.911649 66.836225 66.760801 66.685377 66.609953 66.534529 66.459105 66.383682 66.308258 66.232834 66.15741 66.081986 66.006562 65.931138 65.855714 65.78029 65.704867 65.629443 65.554019 65.478595 65.403171 65.327747 65.252323 65.176899 65.101476 65.026052 64.950628 64.875204 64.79978 64.724356 64.648932 64.573508 64.498084 64.422661 64.347237 64.271813 64.196389 64.120965 64.045541 63.970117 63.894693 63.819269 63.743846 63.668422 63.592998 63.517574 63.44215 63.366726 63.291302 63.215878
67.99258 67.917156 67.841732 67.766308 67.690885 67.615461 67.540037 67.464613 67.389189 67.313765 67.238341 67.162917 67.087494 67.01207 66.936646 66.861222 66.785798 66.710374 66.63495 66.559526 66.484102 66.408679 66.333255 66.257831 66.182407 66.106983 66.031559 65.956135 65.880711 65.805288 65.729864 65.65444 65.579016 65.503592 65.428168 65.352744 65.27732 65.201896 65.126473 65.051049 64.975625 64.900201 64.824777 64.749353 64.673929 64.598505 64.523082 64.447658 64.372234 64.29681 64.221386 64.145962 64.070538 63.995114 63.91969 63.844267 63.768843 63.693419 63.617995 63.542571 63.467147 63.391723 63.316299
68.093001 68.017577 67.942153 67.866729 67.791306 67.715882 67.640458 67.565034 67.48961 67.414186 67.338762 67.263338 67.187914 67.112491 67.037067 66.961643 66.886219 66.810795 66.735371 66.659947 66.584523 66.5091 66.433676 66.358252 66.282828 66.207404 66.13198 66.056556 65.981132 65.905708 65.830285 65.754861 65.679437 65.604013 65.528589 65.453165 65.377741 65.302317 65.226894 65.15147 65.076046 65.000622 64.925198 64.849774 64.77435 64.698926 64.623502 64.548079 64.472655 64.397231 64.321807 64.246383 64.170959 64.095535 64.020111 63.944688 63.869264 63.79384 63.718416 63.642992 63.567568 63.492144 63.41672
68.193422 68.117998 68.042574 67.96715 67.891727 67.816303 67.740879 67.665455 67.590031 67.514607 67.439183 67.363759 67.288335 67.212912 67.137488 67.062064 66.98664 66.911216 66.835792 66.760368 66.684944 66.60952 66.534097 66.458673 66.383249 66.307825 66.232401 66.156977 66.081553 66.006129 65.930706 65.855282 65.779858 65.704434 65.62901 65.553586 65.478162 65.402738 65.327314 65.251891 65.176467 65.101043 65.025619 64.950195 64.874771 64.799347 64.723923 64.6485 64.573076 64.497652 64.422228 64.346804 64.27138 64.195956 64.120532 64.045108 63.969685 63.894261 63.818837 63.743413 63.667989 63.592565 63.517141
68.293843 68.218419 68.142995 68.067571 67.992147 67.916724 67.8413 67.765876 67.690452 67.615028 67.539604 67.46418 67.388756 67.313333 67.237909 67.162485 67.087061 67.011637 66.936213 66.860789 66.785365 66.709941 66.634518 66.559094 66.48367 66.408246 66.332822 66.257398 66.181974 66.10655 66.031126 65.955703 65.880279 65.804855 65.729431 65.654007 65.578583 65.503159 65.427735 65.352312 65.276888 65.201464 65.12604 65.050616 64.975192 64.899768 64.824344 64.74892 64.673497 64.598073 64.522649 64.447225 64.371801 64.296377 64.220953 64.145529 64.070106 63.994682 63.919258 63.843834 63.76841 63.692986 63.617562
68.394264 68.31884 68.243416 68.167992 68.092568 68.017145 67.941721 67.866297 67.790873 67.715449 67.640025 67.564601 67.489177 67.413753 67.33833 67.262906 67.187482 67.112058 67.036634 66.96121 66.885786 66.810362 66.734939 66.659515 66.584091 66.508667 66.433243 66.357819 66.282395 66.206971 66.131547 66.056124 65.9807 65.905276 65.829852 65.754428 65.679004 65.60358 65.528156 65.452733 65.377309 65.301885 65.226461 65.151037 65.075613 65.000189 64.924765 64.849341 64.773918 64.698494 64.62307 64.547646 64.472222 64.396798 64.321374 64.24595 64.170526 64.095103 64.019679 63.944255 63.868831 63.793407 63.717983
68.494685 68.419261 68.343837 68.268413 68.192989 68.117565 68.042142 67.966718 67.891294 67.81587 67.740446 67.665022 67.589598 67.514174 67.438751 67.363327 67.287903 67.212479 67.137055 67.061631 66.986207 66.910783 66.835359 66.759936 66.684512 66.609088 66.533664 66.45824 66.382816 66.307392 66.231968 66.156545 66.081121 66.005697 65.930273 65.854849 65.779425 65.704001 65.628577 65.553153 65.47773 65.402306 65.326882 65.251458 65.176034 65.10061 65.025186 64.949762 64.874339 64.798915 64.723491 64.648067 64.572643 64.497219 64.421795 64.346371 64.270947 64.195524 64.1201 64.044676 63.969252 63.893828 63.818404
68.595106 68.519682 68.444258 68.368834 68.29341 68.217986 68.142563 68.067139 67.991715 67.916291 67.840867 67.765443 67.690019 67.614595 67.539171 67.463748 67.388324 67.3129 67.237476 67.162052 67.086628 67.011204 66.93578 66.860357 66.784933 66.709509 66.634085 66.558661 66.483237 66.407813 66.332389 66.256965 66.181542 66.106118 66.030694 65.95527 65.879846 65.804422 65.728998 65.653574 65.578151 65.502727 65.427303 65.351879 65.276455 65.201031 65.125607 65.050183 64.974759 64.899336 64.823912 64.748488 64.673064 64.59764 64.522216 64.446792 64.371368 64.295945 64.220521 64.145097 64.069673 63.994249 63.918825
68.695527 68.620103 68.544679 68.469255 68.393831 68.318407 68.242984 68.16756 68.092136 68.016712 67.941288 67.865864 67.79044 67.715016 67.639592 67.564169 67.488745 67.413321 67.337897 67.262473 67.187049 67.111625 67.036201 66.960777 66.885354 66.80993 66.734506 66.659082 66.583658 66.508234 66.43281 66.357386 66.281963 66.206539 66.131115 66.055691 65.980267 65.904843 65.829419 65.753995 65.678571 65.603148 65.527724 65.4523 65.376876 65.301452 65.226028 65.150604 65.07518 64.999757 64.924333 64.848909 64.773485 64.698061 64.622637 64.547213 64.471789 64.396365 64.320942 64.245518 64.170094 64.09467 64.019246
68.795948 68.720524 68.6451 68.569676 68.494252 68.418828 68.343404 68.267981 68.192557 68.117133 68.041709 67.966285 67.890861 67.815437 67.740013 67.66459 67.589166 67.513742 67.438318 67.362894 67.28747 67.212046 67.136622 67.061198 66.985775 66.910351 66.834927 66.759503 66.684079 66.608655 66.533231 66.457807 66.382383 66.30696 66.231536 66.156112 66.080688 66.005264 65.92984 65.854416 65.778992 65.703569 65.628145 65.552721 65.477297 65.401873 65.326449 65.251025 65.175601 65.100177 65.024754 64.94933 64.873906 64.798482 64.723058 64.647634 64.57221 64.496786 64.421363 64.345939 64.270515 64.195091 64.119667
68.896369 68.820945 68.745521 68.670097 68.594673 68.519249 68.443825 68.368402 68.292978 68.217554 68.14213 68.066706 67.991282 67.915858 67.840434 67.76501 67.689587 67.614163 67.538739 67.463315 67.387891 67.312467 67.237043 67.161619 67.086196 67.010772 66.935348 66.859924 66.7845 66.709076 66.633652 66.558228 66.482804 66.407381 66.331957 66.256533 66.181109 66.105685 66.030261 65.954837 65.879413 65.803989 65.728566 65.653142 65.577718 65.502294 65.42687 65.351446 65.276022 65.200598 65.125175 65.049751 64.974327 64.898903 64.823479 64.748055 64.672631 64.597207 64.521783 64.44636 64.370936 64.295512 64.220088
68.99679 68.921366 68.845942 68.770518 68.695094 68.61967 68.544246 68.468822 68.393399 68.317975 68.242551 68.167127 68.091703 68.016279 67.940855 67.865431 67.790008 67.714584 67.63916 67.563736 67.488312 67.412888 67.337464 67.26204 67.186616 67.111193 67.035769 66.960345 66.884921 66.809497 66.734073 66.658649 66.583225 66.507802 66.432378 66.356954 66.28153 66.206106 66.130682 66.055258 65.979834 65.90441 65.828987 65.753563 65.678139 65.602715 65.527291 65.451867 65.376443 65.301019 65.225596 65.150172 65.074748 64.999324 64.9239 64.848476 64.773052 64.697628 64.622204 64.546781 64.471357 64.395933 64.320509
69.097211 69.021787 68.946363 68.870939 68.795515 68.720091 68.644667 68.569243 68.49382 68.418396 68.342972 68.267548 68.192124 68.1167 68.041276 67.965852 67.890428 67.815005 67.739581 67.664157 67.588733 67.513309 67.437885 67.362461 67.287037 67.211614 67.13619 67.060766 66.985342 66.909918 66.834494 66.75907 66.683646 66.608222 66.532799 66.457375 66.381951 66.306527 66.231103 66.155679 66.080255 66.004831 65.929408 65.853984 65.77856 65.703136 65.627712 65.552288 65.476864 65.40144 65.326016 65.250593 65.175169 65.099745 65.024321 64.948897 64.873473 64.798049 64.722625 64.647202 64.571778 64.496354 64.42093
69.197632 69.122208 69.046784 68.97136 68.895936 68.820512 68.745088 68.669664 68.594241 68.518817 68.443393 68.367969 68.292545 68.217121 68.141697 68.066273 67.990849 67.915426 67.840002 67.764578 67.689154 67.61373 67.538306 67.462882 67.387458 67.312034 67.236611 67.161187 67.085763 67.010339 66.934915 66.859491 66.784067 66.708643 66.63322 66.557796 66.482372 66.406948 66.331524 66.2561 66.180676 66.105252 66.029828 65.954405 65.878981 65.803557 65.728133 65.652709 65.577285 65.501861 65.426437 65.351014 65.27559 65.200166 65.124742 65.049318 64.973894 64.89847 64.823046 64.747622 64.672199 64.596775 64.521351
69.298053 69.222629 69.147205 69.071781 68.996357 68.920933 68.845509 68.770085 68.694661 68.619238 68.543814 68.46839 68.392966 68.317542 68.242118 68.166694 68.09127 68.015847 67.940423 67.864999 67.789575 67.714151 67.638727 67.563303 67.487879 67.412455 67.337032 67.261608 67.186184 67.11076 67.035336 66.959912 66.884488 66.809064 66.73364 66.658217 66.582793 66.507369 66.431945 66.356521 66.281097 66.205673 66.130249 66.054826 65.979402 65.903978 65.828554 65.75313 65.677706 65.602282 65.526858 65.451434 65.376011 65.300587 65.225163 65.149739 65.074315 64.998891 64.923467 64.848043 64.77262 64.697196 64.621772
69.398473 69.32305 69.247626 69.172202 69.096778 69.021354 68.94593 68.870506 68.795082 68.719659 68.644235 68.568811 68.493387 68.417963 68.342539 68.267115 68.191691 68.116267 68.040844 67.96542 67.889996 67.814572 67.739148 67.663724 67.5883 67.512876 67.437453 67.362029 67.286605 67.211181 67.135757 67.060333 66.984909 66.909485 66.834061 66.758638 66.683214 66.60779 66.532366 66.456942 66.381518 66.306094 66.23067 66.155246 66.079823 66.004399 65.928975 65.853551 65.778127 65.702703 65.627279 65.551855 65.476432 65.401008 65.325584 65.25016 65.174736 65.099312 65.023888 64.948464 64.87304 64.797617 64.722193
69.498894 69.423471 69.348047 69.272623 69.197199 69.121775 69.046351 68.970927 68.895503 68.820079 68.744656 68.669232 68.593808 68.518384 68.44296 68.367536 68.292112 68.216688 68.141265 68.065841 67.990417 67.914993 67.839569 67.764145 67.688721 67.613297 67.537873 67.46245 67.387026 67.311602 67.236178 67.160754 67.08533 67.009906 66.934482 66.859059 66.783635 66.708211 66.632787 66.557363 66.481939 66.406515 66.331091 66.255667 66.180244 66.10482 66.029396 65.953972 65.878548 65.803124 65.7277 65.652276 65.576853 65.501429 65.426005 65.350581 65.275157 65.199733 65.124309 65.048885 64.973461 64.898038 64.822614
69.599315 69.523891 69.448468 69.373044 69.29762 69.222196 69.146772 69.071348 68.995924 68.9205 68.845077 68.769653 68.694229 68.618805 68.543381 68.467957 68.392533 68.317109 68.241685 68.166262 68.090838 68.015414 67.93999 67.864566 67.789142 67.713718 67.638294 67.562871 67.487447 67.412023 67.336599 67.261175 67.185751 67.110327 67.034903 66.959479 66.884056 66.808632 66.733208 66.657784 66.58236 66.506936 66.431512 66.356088 66.280665 66.205241 66.129817 66.054393 65.978969 65.903545 65.828121 65.752697 65.677273 65.60185 65.526426 65.451002 65.375578 65.300154 65.22473 65.149306 65.073882 64.998459 64.923035
69.699736 69.624312 69.548889 69.473465 69.398041 69.322617 69.247193 69.171769 69.096345 69.020921 68.945498 68.870074 68.79465 68.719226 68.643802 68.568378 68.492954 68.41753 68.342106 68.266683 68.191259 68.115835 68.040411 67.964987 67.889563 67.814139 67.738715 67.663291 67.587868 67.512444 67.43702 67.361596 67.286172 67.210748 67.135324 67.0599 66.984477 66.909053 66.833629 66.758205 66.682781 66.607357 66.531933 66.456509 66.381085 66.305662 66.230238 66.154814 66.07939 66.003966 65.928542 65.853118 65.777694 65.702271 65.626847 65.551423 65.475999 65.400575 65.325151 65.249727 65.174303 65.098879 65.023456
69.800157 69.724733 69.64931 69.573886 69.498462 69.423038 69.347614 69.27219 69.196766 69.121342 69.045918 68.970495 68.895071 68.819647 68.744223 68.668799 68.593375 68.517951 68.442527 68.367104 68.29168 68.216256 68.140832 68.065408 67.989984 67.91456 67.839136 67.763712 67.688289 67.612865 67.537441 67.462017 67.386593 67.311169 67.235745 67.160321 67.084897 67.009474 66.93405 66.858626 66.783202 66.707778 66.632354 66.55693 66.481506 66.406083 66.330659 66.255235 66.179811 66.104387 66.028963 65.953539 65.878115 65.802691 65.727268 65.651844 65.57642 65.500996 65.425572 65.350148 65.274724 65.1993 65.123877
69.900578 69.825154 69.74973 69.674307 69.598883 69.523459 69.448035 69.372611 69.297187 69.221763 69.146339 69.070916 68.995492 68.920068 68.844644 68.76922 68.693796 68.618372 68.542948 68.467524 68.392101 68.316677 68.241253 68.165829 68.090405 68.014981 67.939557 67.864133 67.78871 67.713286 67.637862 67.562438 67.487014 67.41159 67.336166 67.260742 67.185318 67.109895 67.034471 66.959047 66.883623 66.808199 66.732775 66.657351 66.581927 66.506503 66.43108 66.355656 66.280232 66.204808 66.129384 66.05396 65.978536 65.903112 65.827689 65.752265 65.676841 65.601417 65.525993 65.450569 65.375145 65.299721 65.224297
70.000999 69.925575 69.850151 69.774728 69.699304 69.62388 69.548456 69.473032 69.397608 69.322184 69.24676 69.171336 69.095913 69.020489 68.945065 68.869641 68.794217 68.718793 68.643369 68.567945 68.492522 68.417098 68.341674 68.26625 68.190826 68.115402 68.039978 67.964554 67.88913 67.813707 67.738283 67.662859 67.587435 67.512011 67.436587 67.361163 67.285739 67.210316 67.134892 67.059468 66.984044 66.90862 66.833196 66.757772 66.682348 66.606924 66.531501 66.456077 66.380653 66.305229 66.229805 66.154381 66.078957 66.003533 65.92811 65.852686 65.777262 65.701838 65.626414 65.55099 65.475566 65.400142 65.324718
