gtx/eda_duv_oc/geodata/true_temp/battle_tt.tif
NCOLS 999
NROWS 355
XLLCORNER -116.69237
YLLCORNER 52.364864
DX 0.0040375205
DY 0.004035969
NODATA_VALUE -9999
[rows 56 to 83 of 355, columns 0 to 62 of 999]
-9999 -9999 -9999 -9999 -9999 -9999 -9999 -9999 -9999 -9999 -9999 -9999 99.369728 99.328337 99.286945 99.245554 99.204163 99.162771 99.12138 99.079989 99.038597 98.997206 98.955815 98.914423 98.873032 98.831641 98.790249 98.748858 98.707466 98.666075 98.624684 98.583292 98.541901 98.50051 98.459118 98.417727 98.376336 98.334944 98.293553 98.252162 98.21077 98.169362 98.127613 98.085865 98.044117 98.002369 97.96062 97.918872 97.877124 97.835375 97.793627 97.751879 97.71013 97.668382 97.626634 97.584885 97.543137 97.501389 97.45964 97.417892 97.376144 97.334395 97.292647
-9999 -9999 -9999 -9999 -9999 -9999 -9999 -9999 -9999 -9999 -9999 -9999 99.626763 99.585372 99.54398 99.502589 99.461197 99.419806 99.378415 99.337023 99.295632 99.254241 99.212849 99.171458 99.130067 99.088675 99.047284 99.005893 98.964501 98.92311 98.881718 98.840327 98.798936 98.757544 98.716153 98.674762 98.63337 98.591979 98.550588 98.509196 98.467805 98.426414 98.384832 98.343083 98.301335 98.259587 98.217838 98.17609 98.134342 98.092593 98.050845 98.009097 97.967348 97.9256 97.883852 97.842103 97.800355 97.758607 97.716858 97.67511 97.633362 97.591613 97.549865
-9999 -9999 -9999 -9999 -9999 -9999 -9999 -9999 -9999 -9999 -9999 -9999 99.883798 99.842406 99.801015 99.759624 99.718232 99.676841 99.63545 99.594058 99.552667 99.511275 99.469884 99.428493 99.387101 99.34571 99.304319 99.262927 99.221536 99.180145 99.138753 99.097362 99.05597 99.014579 98.973188 98.931796 98.890405 98.849014 98.807622 98.766231 98.72484 98.683448 98.64205 98.600301 98.558553 98.516805 98.475056 98.433308 98.39156 98.349811 98.308063 98.266315 98.224567 98.182818 98.14107 98.099322 98.057573 98.015825 97.974077 97.932328 97.89058 97.848832 97.807083
-9999 -9999 -9999 -9999 -9999 -9999 -9999 -9999 -9999 -9999 -9999 -9999 100.14083 100.09944 100.05805 100.01666 99.975267 99.933876 99.892484 99.851093 99.809702 99.76831 99.726919 99.685527 99.644136 99.602745 99.561353 99.519962 99.478571 99.437179 99.395788 99.354397 99.313005 99.271614 99.230222 99.188831 99.14744 99.106048 99.064657 99.023266 98.981874 98.940483 98.899092 98.85752 98.815771 98.774023 98.732275 98.690526 98.648778 98.60703 98.565281 98.523533 98.481785 98.440036 98.398288 98.35654 98.314791 98.273043 98.231295 98.189546 98.147798 98.10605 98.064301
-9999 -9999 -9999 -9999 -9999 -9999 -9999 -9999 -9999 -9999 -9999 -9999 100.39787 100.35648 100.31508 100.27369 100.2323 100.19091 100.14952 100.10813 100.06674 100.02534 99.983954 99.942562 99.901171 99.859779 99.818388 99.776997 99.735605 99.694214 99.652823 99.611431 99.57004 99.528649 99.487257 99.445866 99.404475 99.363083 99.321692 99.2803 99.238909 99.197518 99.156126 99.114735 99.072989 99.031241 98.989493 98.947744 98.905996 98.864248 98.822499 98.780751 98.739003 98.697254 98.655506 98.613758 98.572009 98.530261 98.488513 98.446765 98.405016 98.363268 98.32152
-9999 -9999 -9999 -9999 -9999 -9999 -9999 -9999 -9999 -9999 -9999 100.69629 100.6549 100.61351 100.57212 100.53073 100.48934 100.44795 100.40655 100.36516 100.32377 100.28238 100.24099 100.1996 100.15821 100.11681 100.07542 100.03403 99.99264 99.951249 99.909857 99.868466 99.827075 99.785683 99.744292 99.702901 99.661509 99.620118 99.578727 99.537335 99.495944 99.454552 99.413161 99.37177 99.330207 99.288459 99.246711 99.204963 99.163214 99.121466 99.079718 99.037969 98.996221 98.954473 98.912724 98.870976 98.829228 98.787479 98.745731 98.703983 98.662234 98.620486 98.578738
-9999 -9999 -9999 -9999 -9999 -9999 -9999 -9999 -9999 -9999 -9999 100.95333 100.91194 100.87055 100.82915 100.78776 100.74637 100.70498 100.66359 100.6222 100.58081 100.53941 100.49802 100.45663 100.41524 100.37385 100.33246 100.29107 100.24967 100.20828 100.16689 100.1255 100.08411 100.04272 100.00133 99.959935 99.918544 99.877153 99.835761 99.79437 99.752979 99.711587 99.670196 99.628804 99.587413 99.545677 99.503929 99.462181 99.420432 99.378684 99.336936 99.295187 99.253439 99.211691 99.169942 99.128194 99.086446 99.044697 99.002949 98.961201 98.919452 98.877704 98.835956
-9999 -9999 -9999 -9999 -9999 -9999 -9999 -9999 -9999 -9999 -9999 101.21036 101.16897 101.12758 101.08619 101.0448 101.00341 100.96201 100.92062 100.87923 100.83784 100.79645 100.75506 100.71367 100.67227 100.63088 100.58949 100.5481 100.50671 100.46532 100.42393 100.38254 100.34114 100.29975 100.25836 100.21697 100.17558 100.13419 100.0928 100.0514 100.01001 99.968622 99.927231 99.885839 99.844448 99.802895 99.761147 99.719399 99.67765 99.635902 99.594154 99.552405 99.510657 99.468909 99.427161 99.385412 99.343664 99.301916 99.260167 99.218419 99.176671 99.134922 99.093174
-9999 -9999 -9999 -9999 -9999 -9999 -9999 -9999 -9999 -9999 -9999 101.4674 101.42601 101.38461 101.34322 101.30183 101.26044 101.21905 101.17766 101.13627 101.09488 101.05348 101.01209 100.9707 100.92931 100.88792 100.84653 100.80514 100.76374 100.72235 100.68096 100.63957 100.59818 100.55679 100.5154 100.474 100.43261 100.39122 100.34983 100.30844 100.26705 100.22566 100.18427 100.14287 100.10148 100.06009 100.01837 99.976617 99.934869 99.89312 99.851372 99.809624 99.767875 99.726127 99.684379 99.64263 99.600882 99.559134 99.517385 99.475637 99.433889 99.39214 99.350392
-9999 -9999 -9999 -9999 -9999 -9999 -9999 -9999 -9999 -9999 -9999 101.72443 101.68304 101.64165 101.60026 101.55887 101.51748 101.47608 101.43469 101.3933 101.35191 101.31052 101.26913 101.22774 101.18634 101.14495 101.10356 101.06217 101.02078 100.97939 100.938 100.8966 100.85521 100.81382 100.77243 100.73104 100.68965 100.64826 100.60687 100.56547 100.52408 100.48269 100.4413 100.39991 100.35852 100.31713 100.27558 100.23384 100.19209 100.15034 100.10859 100.06684 100.02509 99.983345 99.941597 99.899848 99.8581 99.816352 99.774604 99.732855 99.691107 99.649359 99.60761
-9999 -9999 -9999 -9999 -9999 -9999 -9999 -9999 -9999 -9999 -9999 101.98147 101.94008 101.89868 101.85729 101.8159 101.77451 101.73312 101.69173 101.65034 101.60894 101.56755 101.52616 101.48477 101.44338 101.40199 101.3606 101.31921 101.27781 101.23642 101.19503 101.15364 101.11225 101.07086 101.02947 100.98807 100.94668 100.90529 100.8639 100.82251 100.78112 100.73973 100.69833 100.65694 100.61555 100.57416 100.53277 100.49105 100.4493 100.40756 100.36581 100.32406 100.28231 100.24056 100.19881 100.15707 100.11532 100.07357 100.03182 99.990073 99.948325 99.906577 99.864828
-9999 -9999 -9999 -9999 -9999 -9999 -9999 -9999 -9999 -9999 -9999 102.2385 102.19711 102.15572 102.11433 102.07294 102.03154 101.99015 101.94876 101.90737 101.86598 101.82459 101.7832 101.74181 101.70041 101.65902 101.61763 101.57624 101.53485 101.49346 101.45207 101.41067 101.36928 101.32789 101.2865 101.24511 101.20372 101.16233 101.12093 101.07954 101.03815 100.99676 100.95537 100.91398 100.87259 100.8312 100.7898 100.74827 100.70652 100.66477 100.62303 100.58128 100.53953 100.49778 100.45603 100.41428 100.37254 100.33079 100.28904 100.24729 100.20554 100.16379 100.12205
-9999 -9999 -9999 -9999 -9999 -9999 -9999 -9999 -9999 -9999 102.53693 102.49554 102.45414 102.41275 102.37136 102.32997 102.28858 102.24719 102.2058 102.16441 102.12301 102.08162 102.04023 101.99884 101.95745 101.91606 101.87467 101.83327 101.79188 101.75049 101.7091 101.66771 101.62632 101.58493 101.54354 101.50214 101.46075 101.41936 101.37797 101.33658 101.29519 101.2538 101.2124 101.17101 101.12962 101.08823 101.04684 101.00545 100.96374 100.92199 100.88024 100.8385 100.79675 100.755 100.71325 100.6715 100.62975 100.58801 100.54626 100.50451 100.46276 100.42101 100.37926
-9999 -9999 -9999 -9999 -9999 -9999 -9999 -9999 -9999 -9999 102.79396 102.75257 102.71118 102.66979 102.6284 102.58701 102.54561 102.50422 102.46283 102.42144 102.38005 102.33866 102.29727 102.25587 102.21448 102.17309 102.1317 102.09031 102.04892 102.00753 101.96614 101.92474 101.88335 101.84196 101.80057 101.75918 101.71779 101.6764 101.635 101.59361 101.55222 101.51083 101.46944 101.42805 101.38666 101.34526 101.30387 101.26248 101.22096 101.17921 101.13746 101.09571 101.05397 101.01222 100.97047 100.92872 100.88697 100.84522 100.80348 100.76173 100.71998 100.67823 100.63648
-9999 -9999 -9999 -9999 -9999 -9999 -9999 -9999 -9999 -9999 103.051 103.00961 102.96821 102.92682 102.88543 102.84404 102.80265 102.76126 102.71987 102.67847 102.63708 102.59569 102.5543 102.51291 102.47152 102.43013 102.38874 102.34734 102.30595 102.26456 102.22317 102.18178 102.14039 102.099 102.0576 102.01621 101.97482 101.93343 101.89204 101.85065 101.80926 101.76786 101.72647 101.68508 101.64369 101.6023 101.56091 101.51952 101.47813 101.43643 101.39468 101.35293 101.31118 101.26944 101.22769 101.18594 101.14419 101.10244 101.06069 101.01895 100.9772 100.93545 100.8937
-9999 -9999 -9999 -9999 -9999 -9999 -9999 -9999 -9999 -9999 103.30803 103.26664 103.22525 103.18386 103.14247 103.10108 103.05968 103.01829 102.9769 102.93551 102.89412 102.85273 102.81134 102.76994 102.72855 102.68716 102.64577 102.60438 102.56299 102.5216 102.4802 102.43881 102.39742 102.35603 102.31464 102.27325 102.23186 102.19047 102.14907 102.10768 102.06629 102.0249 101.98351 101.94212 101.90073 101.85933 101.81794 101.77655 101.73516 101.69365 101.6519 101.61015 101.5684 101.52665 101.48491 101.44316 101.40141 101.35966 101.31791 101.27616 101.23442 101.19267 101.15092
-9999 -9999 -9999 -9999 -9999 -9999 -9999 -9999 -9999 -9999 103.56507 103.52368 103.48228 103.44089 103.3995 103.35811 103.31672 103.27533 103.23394 103.19254 103.15115 103.10976 103.06837 103.02698 102.98559 102.9442 102.9028 102.86141 102.82002 102.77863 102.73724 102.69585 102.65446 102.61307 102.57167 102.53028 102.48889 102.4475 102.40611 102.36472 102.32333 102.28193 102.24054 102.19915 102.15776 102.11637 102.07498 102.03359 101.99219 101.9508 101.90912 101.86737 101.82562 101.78387 101.74212 101.70038 101.65863 101.61688 101.57513 101.53338 101.49163 101.44989 101.40814
-9999 -9999 -9999 -9999 -9999 -9999 -9999 -9999 -9999 -9999 103.8221 103.78071 103.73932 103.69793 103.65654 103.61514 103.57375 103.53236 103.49097 103.44958 103.40819 103.3668 103.3254 103.28401 103.24262 103.20123 103.15984 103.11845 103.07706 103.03567 102.99427 102.95288 102.91149 102.8701 102.82871 102.78732 102.74593 102.70453 102.66314 102.62175 102.58036 102.53897 102.49758 102.45619 102.4148 102.3734 102.33201 102.29062 102.24923 102.20784 102.16634 102.12459 102.08284 102.04109 101.99934 101.95759 101.91585 101.8741 101.83235 101.7906 101.74885 101.7071 101.66536
-9999 -9999 -9999 -9999 -9999 -9999 -9999 -9999 -9999 -9999 104.07914 104.03774 103.99635 103.95496 103.91357 103.87218 103.83079 103.7894 103.74801 103.70661 103.66522 103.62383 103.58244 103.54105 103.49966 103.45827 103.41687 103.37548 103.33409 103.2927 103.25131 103.20992 103.16853 103.12713 103.08574 103.04435 103.00296 102.96157 102.92018 102.87879 102.8374 102.796 102.75461 102.71322 102.67183 102.63044 102.58905 102.54766 102.50626 102.46487 102.42348 102.3818 102.34006 102.29831 102.25656 102.21481 102.17306 102.13132 102.08957 102.04782 102.00607 101.96432 101.92257
-9999 -9999 -9999 -9999 -9999 -9999 -9999 -9999 -9999 -9999 104.33617 104.29478 104.25339 104.212 104.17061 104.12921 104.08782 104.04643 104.00504 103.96365 103.92226 103.88087 103.83947 103.79808 103.75669 103.7153 103.67391 103.63252 103.59113 103.54973 103.50834 103.46695 103.42556 103.38417 103.34278 103.30139 103.26 103.2186 103.17721 103.13582 103.09443 103.05304 103.01165 102.97026 102.92886 102.88747 102.84608 102.80469 102.7633 102.72191 102.68052 102.63902 102.59727 102.55553 102.51378 102.47203 102.43028 102.38853 102.34678 102.30504 102.26329 102.22154 102.17979
-9999 -9999 -9999 -9999 -9999 -9999 -9999 -9999 -9999 104.6346 104.59321 104.55181 104.51042 104.46903 104.42764 104.38625 104.34486 104.30347 104.26207 104.22068 104.17929 104.1379 104.09651 104.05512 104.01373 103.97234 103.93094 103.88955 103.84816 103.80677 103.76538 103.72399 103.6826 103.6412 103.59981 103.55842 103.51703 103.47564 103.43425 103.39286 103.35146 103.31007 103.26868 103.22729 103.1859 103.14451 103.10312 103.06173 103.02033 102.97894 102.93755 102.89616 102.85449 102.81274 102.771 102.72925 102.6875 102.64575 102.604 102.56225 102.52051 102.47876 102.43701
-9999 -9999 -9999 -9999 -9999 -9999 -9999 -9999 -9999 104.89163 104.85024 104.80885 104.76746 104.72607 104.68467 104.64328 104.60189 104.5605 104.51911 104.47772 104.43633 104.39494 104.35354 104.31215 104.27076 104.22937 104.18798 104.14659 104.1052 104.0638 104.02241 103.98102 103.93963 103.89824 103.85685 103.81546 103.77406 103.73267 103.69128 103.64989 103.6085 103.56711 103.52572 103.48433 103.44293 103.40154 103.36015 103.31876 103.27737 103.23598 103.19459 103.15319 103.11171 103.06996 103.02821 102.98647 102.94472 102.90297 102.86122 102.81947 102.77772 102.73598 102.69423
-9999 -9999 -9999 -9999 -9999 -9999 -9999 -9999 -9999 105.14867 105.10727 105.06588 105.02449 104.9831 104.94171 104.90032 104.85893 104.81754 104.77614 104.73475 104.69336 104.65197 104.61058 104.56919 104.5278 104.4864 104.44501 104.40362 104.36223 104.32084 104.27945 104.23806 104.19667 104.15527 104.11388 104.07249 104.0311 103.98971 103.94832 103.90693 103.86553 103.82414 103.78275 103.74136 103.69997 103.65858 103.61719 103.57579 103.5344 103.49301 103.45162 103.41023 103.36884 103.32718 103.28543 103.24368 103.20194 103.16019 103.11844 103.07669 103.03494 102.99319 102.95145
-9999 -9999 -9999 -9999 -9999 -9999 -9999 -9999 -9999 105.4057 105.36431 105.32292 105.28153 105.24014 105.19874 105.15735 105.11596 105.07457 105.03318 104.99179 104.9504 104.909 104.86761 104.82622 104.78483 104.74344 104.70205 104.66066 104.61927 104.57787 104.53648 104.49509 104.4537 104.41231 104.37092 104.32953 104.28813 104.24674 104.20535 104.16396 104.12257 104.08118 104.03979 103.99839 103.957 103.91561 103.87422 103.83283 103.79144 103.75005 103.70866 103.66726 103.62587 103.5844 103.54265 103.5009 103.45915 103.41741 103.37566 103.33391 103.29216 103.25041 103.20866
-9999 -9999 -9999 -9999 -9999 -9999 -9999 -9999 -9999 105.66274 105.62134 105.57995 105.53856 105.49717 105.45578 105.41439 105.373 105.3316 105.29021 105.24882 105.20743 105.16604 105.12465 105.08326 105.04187 105.00047 104.95908 104.91769 104.8763 104.83491 104.79352 104.75213 104.71073 104.66934 104.62795 104.58656 104.54517 104.50378 104.46239 104.42099 104.3796 104.33821 104.29682 104.25543 104.21404 104.17265 104.13126 104.08986 104.04847 104.00708 103.96569 103.9243 103.88291 103.84152 103.79987 103.75812 103.71637 103.67462 103.63288 103.59113 103.54938 103.50763 103.46588
-9999 -9999 -9999 -9999 -9999 -9999 -9999 -9999 -9999 105.91977 105.87838 105.83699 105.7956 105.75421 105.71281 105.67142 105.63003 105.58864 105.54725 105.50586 105.46447 105.42307 105.38168 105.34029 105.2989 105.25751 105.21612 105.17473 105.13333 105.09194 105.05055 105.00916 104.96777 104.92638 104.88499 104.8436 104.8022 104.76081 104.71942 104.67803 104.63664 104.59525 104.55386 104.51246 104.47107 104.42968 104.38829 104.3469 104.30551 104.26412 104.22272 104.18133 104.13994 104.09855 104.05709 104.01534 103.97359 103.93184 103.89009 103.84835 103.8066 103.76485 103.7231
-9999 -9999 -9999 -9999 -9999 -9999 -9999 -9999 -9999 106.17681 106.13541 106.09402 106.05263 106.01124 105.96985 105.92846 105.88707 105.84567 105.80428 105.76289 105.7215 105.68011 105.63872 105.59733 105.55593 105.51454 105.47315 105.43176 105.39037 105.34898 105.30759 105.2662 105.2248 105.18341 105.14202 105.10063 105.05924 105.01785 104.97646 104.93506 104.89367 104.85228 104.81089 104.7695 104.72811 104.68672 104.64532 104.60393 104.56254 104.52115 104.47976 104.43837 104.39698 104.35559 104.31419 104.27256 104.23081 104.18906 104.14731 104.10556 104.06382 104.02207 103.98032
-9999 -9999 -9999 -9999 -9999 -9999 -9999 -9999 106.47523 106.43384 106.39245 106.35106 106.30967 106.26827 106.22688 106.18549 106.1441 106.10271 106.06132 106.01993 105.97853 105.93714 105.89575 105.85436 105.81297 105.77158 105.73019 105.6888 105.6474 105.60601 105.56462 105.52323 105.48184 105.44045 105.39906 105.35766 105.31627 105.27488 105.23349 105.1921 105.15071 105.10932 105.06793 105.02653 104.98514 104.94375 104.90236 104.86097 104.81958 104.77819 104.73679 104.6954 104.65401 104.61262 104.57123 104.52977 104.48803 104.44628 104.40453 104.36278 104.32103 104.27928 104.23754
