gtx/eda_duv_oc/geodata/true_temp/battle_tt.tif
NCOLS 999
NROWS 355
XLLCORNER -116.69237
YLLCORNER 52.364864
DX 0.0040375205
DY 0.004035969
NODATA_VALUE -9999
[rows 112 to 139 of 355, columns 504 to 566 of 999]
71.273382 71.223581 71.17378 71.123979 71.074179 71.024378 70.974577 70.924776 70.874975 70.825175 70.775374 70.725573 70.675772 70.625972 70.576171 70.52637 70.476569 70.426768 70.376968 70.327167 70.277366 70.227565 70.177765 70.127964 70.078163 70.028362 69.978562 69.928761 69.87896 69.829159 69.779358 69.729558 69.679757 69.629956 69.580155 69.530355 69.480554 69.430753 69.380952 69.331151 69.281351 69.23155 69.181749 69.131948 69.082148 69.032347 68.982546 68.932745 68.882944 68.833144 68.783343 68.733542 68.683741 68.633941 68.58414 68.534339 68.484538 68.434737 68.384937 68.335136 68.285335 68.235534 68.185734
71.342747 71.292946 71.243145 71.193344 71.143544 71.093743 71.043942 70.994141 70.94434 70.89454 70.844739 70.794938 70.745137 70.695337 70.645536 70.595735 70.545934 70.496134 70.446333 70.396532 70.346731 70.29693 70.24713 70.197329 70.147528 70.097727 70.047927 69.998126 69.948325 69.898524 69.848723 69.798923 69.749122 69.699321 69.64952 69.59972 69.549919 69.500118 69.450317 69.400516 69.350716 69.300915 69.251114 69.201313 69.151513 69.101712 69.051911 69.00211 68.95231 68.902509 68.852708 68.802907 68.753106 68.703306 68.653505 68.603704 68.553903 68.504103 68.454302 68.404501 68.3547 68.304899 68.255099
71.412112 71.362311 71.31251 71.262709 71.212909 71.163108 71.113307 71.063506 71.013706 70.963905 70.914104 70.864303 70.814502 70.764702 70.714901 70.6651 70.615299 70.565499 70.515698 70.465897 70.416096 70.366295 70.316495 70.266694 70.216893 70.167092 70.117292 70.067491 70.01769 69.967889 69.918088 69.868288 69.818487 69.768686 69.718885 69.669085 69.619284 69.569483 69.519682 69.469882 69.420081 69.37028 69.320479 69.270678 69.220878 69.171077 69.121276 69.071475 69.021675 68.971874 68.922073 68.872272 68.822471 68.772671 68.72287 68.673069 68.623268 68.573468 68.523667 68.473866 68.424065 68.374264 68.324464
71.481477 71.431676 71.381875 71.332074 71.282274 71.232473 71.182672 71.132871 71.083071 71.03327 70.983469 70.933668 70.883867 70.834067 70.784266 70.734465 70.684664 70.634864 70.585063 70.535262 70.485461 70.435661 70.38586 70.336059 70.286258 70.236457 70.186657 70.136856 70.087055 70.037254 69.987454 69.937653 69.887852 69.838051 69.78825 69.73845 69.688649 69.638848 69.589047 69.539247 69.489446 69.439645 69.389844 69.340043 69.290243 69.240442 69.190641 69.14084 69.09104 69.041239 68.991438 68.941637 68.891836 68.842036 68.792235 68.742434 68.692633 68.642833 68.593032 68.543231 68.49343 68.44363 68.393829
71.550842 71.501041 71.45124 71.401439 71.351639 71.301838 71.252037 71.202236 71.152436 71.102635 71.052834 71.003033 70.953233 70.903432 70.853631 70.80383 70.754029 70.704229 70.654428 70.604627 70.554826 70.505026 70.455225 70.405424 70.355623 70.305822 70.256022 70.206221 70.15642 70.106619 70.056819 70.007018 69.957217 69.907416 69.857615 69.807815 69.758014 69.708213 69.658412 69.608612 69.558811 69.50901 69.459209 69.409408 69.359608 69.309807 69.260006 69.210205 69.160405 69.110604 69.060803 69.011002 68.961202 68.911401 68.8616 68.811799 68.761998 68.712198 68.662397 68.612596 68.562795 68.512995 68.463194
71.620207 71.570406 71.520605 71.470805 71.421004 71.371203 71.321402 71.271601 71.221801 71.172 71.122199 71.072398 71.022598 70.972797 70.922996 70.873195 70.823394 70.773594 70.723793 70.673992 70.624191 70.574391 70.52459 70.474789 70.424988 70.375187 70.325387 70.275586 70.225785 70.175984 70.126184 70.076383 70.026582 69.976781 69.926981 69.87718 69.827379 69.777578 69.727777 69.677977 69.628176 69.578375 69.528574 69.478774 69.428973 69.379172 69.329371 69.27957 69.22977 69.179969 69.130168 69.080367 69.030567 68.980766 68.930965 68.881164 68.831363 68.781563 68.731762 68.681961 68.63216 68.58236 68.532559
71.689572 71.639771 71.58997 71.54017 71.490369 71.440568 71.390767 71.340966 71.291166 71.241365 71.191564 71.141763 71.091963 71.042162 70.992361 70.94256 70.892759 70.842959 70.793158 70.743357 70.693556 70.643756 70.593955 70.544154 70.494353 70.444553 70.394752 70.344951 70.29515 70.245349 70.195549 70.145748 70.095947 70.046146 69.996346 69.946545 69.896744 69.846943 69.797142 69.747342 69.697541 69.64774 69.597939 69.548139 69.498338 69.448537 69.398736 69.348935 69.299135 69.249334 69.199533 69.149732 69.099932 69.050131 69.00033 68.950529 68.900728 68.850928 68.801127 68.751326 68.701525 68.651725 68.601924
71.758937 71.709136 71.659335 71.609535 71.559734 71.509933 71.460132 71.410332 71.360531 71.31073 71.260929 71.211128 71.161328 71.111527 71.061726 71.011925 70.962125 70.912324 70.862523 70.812722 70.762921 70.713121 70.66332 70.613519 70.563718 70.513918 70.464117 70.414316 70.364515 70.314714 70.264914 70.215113 70.165312 70.115511 70.065711 70.01591 69.966109 69.916308 69.866507 69.816707 69.766906 69.717105 69.667304 69.617504 69.567703 69.517902 69.468101 69.418301 69.3685 69.318699 69.268898 69.219097 69.169297 69.119496 69.069695 69.019894 68.970094 68.920293 68.870492 68.820691 68.77089 68.72109 68.671289
71.828302 71.778501 71.7287 71.6789 71.629099 71.579298 71.529497 71.479697 71.429896 71.380095 71.330294 71.280493 71.230693 71.180892 71.131091 71.08129 71.03149 70.981689 70.931888 70.882087 70.832286 70.782486 70.732685 70.682884 70.633083 70.583283 70.533482 70.483681 70.43388 70.384079 70.334279 70.284478 70.234677 70.184876 70.135076 70.085275 70.035474 69.985673 69.935873 69.886072 69.836271 69.78647 69.736669 69.686869 69.637068 69.587267 69.537466 69.487666 69.437865 69.388064 69.338263 69.288462 69.238662 69.188861 69.13906 69.089259 69.039459 68.989658 68.939857 68.890056 68.840255 68.790455 68.740654
71.897667 71.847866 71.798065 71.748265 71.698464 71.648663 71.598862 71.549062 71.499261 71.44946 71.399659 71.349858 71.300058 71.250257 71.200456 71.150655 71.100855 71.051054 71.001253 70.951452 70.901652 70.851851 70.80205 70.752249 70.702448 70.652648 70.602847 70.553046 70.503245 70.453445 70.403644 70.353843 70.304042 70.254241 70.204441 70.15464 70.104839 70.055038 70.005238 69.955437 69.905636 69.855835 69.806034 69.756234 69.706433 69.656632 69.606831 69.557031 69.50723 69.457429 69.407628 69.357827 69.308027 69.258226 69.208425 69.158624 69.108824 69.059023 69.009222 68.959421 68.909621 68.85982 68.810019
71.967032 71.917231 71.86743 71.81763 71.767829 71.718028 71.668227 71.618427 71.568626 71.518825 71.469024 71.419224 71.369423 71.319622 71.269821 71.22002 71.17022 71.120419 71.070618 71.020817 70.971017 70.921216 70.871415 70.821614 70.771813 70.722013 70.672212 70.622411 70.57261 70.52281 70.473009 70.423208 70.373407 70.323606 70.273806 70.224005 70.174204 70.124403 70.074603 70.024802 69.975001 69.9252 69.875399 69.825599 69.775798 69.725997 69.676196 69.626396 69.576595 69.526794 69.476993 69.427193 69.377392 69.327591 69.27779 69.227989 69.178189 69.128388 69.078587 69.028786 68.978986 68.929185 68.879384
72.036397 71.986596 71.936796 71.886995 71.837194 71.787393 71.737592 71.687792 71.637991 71.58819 71.538389 71.488589 71.438788 71.388987 71.339186 71.289385 71.239585 71.189784 71.139983 71.090182 71.040382 70.990581 70.94078 70.890979 70.841178 70.791378 70.741577 70.691776 70.641975 70.592175 70.542374 70.492573 70.442772 70.392972 70.343171 70.29337 70.243569 70.193768 70.143968 70.094167 70.044366 69.994565 69.944765 69.894964 69.845163 69.795362 69.745561 69.695761 69.64596 69.596159 69.546358 69.496558 69.446757 69.396956 69.347155 69.297354 69.247554 69.197753 69.147952 69.098151 69.048351 68.99855 68.948749
72.105762 72.055961 72.006161 71.95636 71.906559 71.856758 71.806957 71.757157 71.707356 71.657555 71.607754 71.557954 71.508153 71.458352 71.408551 71.35875 71.30895 71.259149 71.209348 71.159547 71.109747 71.059946 71.010145 70.960344 70.910544 70.860743 70.810942 70.761141 70.71134 70.66154 70.611739 70.561938 70.512137 70.462337 70.412536 70.362735 70.312934 70.263133 70.213333 70.163532 70.113731 70.06393 70.01413 69.964329 69.914528 69.864727 69.814926 69.765126 69.715325 69.665524 69.615723 69.565923 69.516122 69.466321 69.41652 69.36672 69.316919 69.267118 69.217317 69.167516 69.117716 69.067915 69.018114
72.175127 72.125326 72.075526 72.025725 71.975924 71.926123 71.876323 71.826522 71.776721 71.72692 71.677119 71.627319 71.577518 71.527717 71.477916 71.428116 71.378315 71.328514 71.278713 71.228912 71.179112 71.129311 71.07951 71.029709 70.979909 70.930108 70.880307 70.830506 70.780705 70.730905 70.681104 70.631303 70.581502 70.531702 70.481901 70.4321 70.382299 70.332498 70.282698 70.232897 70.183096 70.133295 70.083495 70.033694 69.983893 69.934092 69.884292 69.834491 69.78469 69.734889 69.685088 69.635288 69.585487 69.535686 69.485885 69.436085 69.386284 69.336483 69.286682 69.236881 69.187081 69.13728 69.087479
72.244492 72.194691 72.144891 72.09509 72.045289 71.995488 71.945688 71.895887 71.846086 71.796285 71.746484 71.696684 71.646883 71.597082 71.547281 71.497481 71.44768 71.397879 71.348078 71.298277 71.248477 71.198676 71.148875 71.099074 71.049274 70.999473 70.949672 70.899871 70.85007 70.80027 70.750469 70.700668 70.650867 70.601067 70.551266 70.501465 70.451664 70.401864 70.352063 70.302262 70.252461 70.20266 70.15286 70.103059 70.053258 70.003457 69.953657 69.903856 69.854055 69.804254 69.754453 69.704653 69.654852 69.605051 69.55525 69.50545 69.455649 69.405848 69.356047 69.306246 69.256446 69.206645 69.156844
72.313857 72.264056 72.214256 72.164455 72.114654 72.064853 72.015053 71.965252 71.915451 71.86565 71.815849 71.766049 71.716248 71.666447 71.616646 71.566846 71.517045 71.467244 71.417443 71.367643 71.317842 71.268041 71.21824 71.168439 71.118639 71.068838 71.019037 70.969236 70.919436 70.869635 70.819834 70.770033 70.720232 70.670432 70.620631 70.57083 70.521029 70.471229 70.421428 70.371627 70.321826 70.272025 70.222225 70.172424 70.122623 70.072822 70.023022 69.973221 69.92342 69.873619 69.823818 69.774018 69.724217 69.674416 69.624615 69.574815 69.525014 69.475213 69.425412 69.375612 69.325811 69.27601 69.226209
72.383222 72.333421 72.283621 72.23382 72.184019 72.134218 72.084418 72.034617 71.984816 71.935015 71.885215 71.835414 71.785613 71.735812 71.686011 71.636211 71.58641 71.536609 71.486808 71.437008 71.387207 71.337406 71.287605 71.237804 71.188004 71.138203 71.088402 71.038601 70.988801 70.939 70.889199 70.839398 70.789597 70.739797 70.689996 70.640195 70.590394 70.540594 70.490793 70.440992 70.391191 70.341391 70.29159 70.241789 70.191988 70.142187 70.092387 70.042586 69.992785 69.942984 69.893184 69.843383 69.793582 69.743781 69.69398 69.64418 69.594379 69.544578 69.494777 69.444977 69.395176 69.345375 69.295574
72.452587 72.402787 72.352986 72.303185 72.253384 72.203583 72.153783 72.103982 72.054181 72.00438 71.95458 71.904779 71.854978 71.805177 71.755376 71.705576 71.655775 71.605974 71.556173 71.506373 71.456572 71.406771 71.35697 71.307169 71.257369 71.207568 71.157767 71.107966 71.058166 71.008365 70.958564 70.908763 70.858963 70.809162 70.759361 70.70956 70.659759 70.609959 70.560158 70.510357 70.460556 70.410756 70.360955 70.311154 70.261353 70.211552 70.161752 70.111951 70.06215 70.012349 69.962549 69.912748 69.862947 69.813146 69.763345 69.713545 69.663744 69.613943 69.564142 69.514342 69.464541 69.41474 69.364939
72.521952 72.472152 72.422351 72.37255 72.322749 72.272948 72.223148 72.173347 72.123546 72.073745 72.023945 71.974144 71.924343 71.874542 71.824741 71.774941 71.72514 71.675339 71.625538 71.575738 71.525937 71.476136 71.426335 71.376535 71.326734 71.276933 71.227132 71.177331 71.127531 71.07773 71.027929 70.978128 70.928328 70.878527 70.828726 70.778925 70.729124 70.679324 70.629523 70.579722 70.529921 70.480121 70.43032 70.380519 70.330718 70.280917 70.231117 70.181316 70.131515 70.081714 70.031914 69.982113 69.932312 69.882511 69.832711 69.78291 69.733109 69.683308 69.633507 69.583707 69.533906 69.484105 69.434304
72.591317 72.541517 72.491716 72.441915 72.392114 72.342314 72.292513 72.242712 72.192911 72.14311 72.09331 72.043509 71.993708 71.943907 71.894107 71.844306 71.794505 71.744704 71.694903 71.645103 71.595302 71.545501 71.4957 71.4459 71.396099 71.346298 71.296497 71.246696 71.196896 71.147095 71.097294 71.047493 70.997693 70.947892 70.898091 70.84829 70.798489 70.748689 70.698888 70.649087 70.599286 70.549486 70.499685 70.449884 70.400083 70.350283 70.300482 70.250681 70.20088 70.151079 70.101279 70.051478 70.001677 69.951876 69.902076 69.852275 69.802474 69.752673 69.702872 69.653072 69.603271 69.55347 69.503669
72.660682 72.610882 72.561081 72.51128 72.461479 72.411679 72.361878 72.312077 72.262276 72.212475 72.162675 72.112874 72.063073 72.013272 71.963472 71.913671 71.86387 71.814069 71.764268 71.714468 71.664667 71.614866 71.565065 71.515265 71.465464 71.415663 71.365862 71.316062 71.266261 71.21646 71.166659 71.116858 71.067058 71.017257 70.967456 70.917655 70.867855 70.818054 70.768253 70.718452 70.668651 70.618851 70.56905 70.519249 70.469448 70.419648 70.369847 70.320046 70.270245 70.220444 70.170644 70.120843 70.071042 70.021241 69.971441 69.92164 69.871839 69.822038 69.772237 69.722437 69.672636 69.622835 69.573034
72.730047 72.680247 72.630446 72.580645 72.530844 72.481044 72.431243 72.381442 72.331641 72.28184 72.23204 72.182239 72.132438 72.082637 72.032837 71.983036 71.933235 71.883434 71.833634 71.783833 71.734032 71.684231 71.63443 71.58463 71.534829 71.485028 71.435227 71.385427 71.335626 71.285825 71.236024 71.186223 71.136423 71.086622 71.036821 70.98702 70.93722 70.887419 70.837618 70.787817 70.738016 70.688216 70.638415 70.588614 70.538813 70.489013 70.439212 70.389411 70.33961 70.289809 70.240009 70.190208 70.140407 70.090606 70.040806 69.991005 69.941204 69.891403 69.841603 69.791802 69.742001 69.6922 69.642399
72.799412 72.749612 72.699811 72.65001 72.600209 72.550409 72.500608 72.450807 72.401006 72.351206 72.301405 72.251604 72.201803 72.152002 72.102202 72.052401 72.0026 71.952799 71.902999 71.853198 71.803397 71.753596 71.703795 71.653995 71.604194 71.554393 71.504592 71.454792 71.404991 71.35519 71.305389 71.255588 71.205788 71.155987 71.106186 71.056385 71.006585 70.956784 70.906983 70.857182 70.807382 70.757581 70.70778 70.657979 70.608178 70.558378 70.508577 70.458776 70.408975 70.359175 70.309374 70.259573 70.209772 70.159971 70.110171 70.06037 70.010569 69.960768 69.910968 69.861167 69.811366 69.761565 69.711764
72.868778 72.818977 72.769176 72.719375 72.669574 72.619774 72.569973 72.520172 72.470371 72.420571 72.37077 72.320969 72.271168 72.221367 72.171567 72.121766 72.071965 72.022164 71.972364 71.922563 71.872762 71.822961 71.77316 71.72336 71.673559 71.623758 71.573957 71.524157 71.474356 71.424555 71.374754 71.324954 71.275153 71.225352 71.175551 71.12575 71.07595 71.026149 70.976348 70.926547 70.876747 70.826946 70.777145 70.727344 70.677543 70.627743 70.577942 70.528141 70.47834 70.42854 70.378739 70.328938 70.279137 70.229336 70.179536 70.129735 70.079934 70.030133 69.980333 69.930532 69.880731 69.83093 69.78113
72.938143 72.888342 72.838541 72.78874 72.738939 72.689139 72.639338 72.589537 72.539736 72.489936 72.440135 72.390334 72.340533 72.290733 72.240932 72.191131 72.14133 72.091529 72.041729 71.991928 71.942127 71.892326 71.842526 71.792725 71.742924 71.693123 71.643322 71.593522 71.543721 71.49392 71.444119 71.394319 71.344518 71.294717 71.244916 71.195115 71.145315 71.095514 71.045713 70.995912 70.946112 70.896311 70.84651 70.796709 70.746908 70.697108 70.647307 70.597506 70.547705 70.497905 70.448104 70.398303 70.348502 70.298702 70.248901 70.1991 70.149299 70.099498 70.049698 69.999897 69.950096 69.900295 69.850495
73.007508 72.957707 72.907906 72.858105 72.808305 72.758504 72.708703 72.658902 72.609101 72.559301 72.5095 72.459699 72.409898 72.360098 72.310297 72.260496 72.210695 72.160894 72.111094 72.061293 72.011492 71.961691 71.911891 71.86209 71.812289 71.762488 71.712687 71.662887 71.613086 71.563285 71.513484 71.463684 71.413883 71.364082 71.314281 71.26448 71.21468 71.164879 71.115078 71.065277 71.015477 70.965676 70.915875 70.866074 70.816274 70.766473 70.716672 70.666871 70.61707 70.56727 70.517469 70.467668 70.417867 70.368067 70.318266 70.268465 70.218664 70.168863 70.119063 70.069262 70.019461 69.96966 69.91986
73.076873 73.027072 72.977271 72.92747 72.87767 72.827869 72.778068 72.728267 72.678466 72.628666 72.578865 72.529064 72.479263 72.429463 72.379662 72.329861 72.28006 72.230259 72.180459 72.130658 72.080857 72.031056 71.981256 71.931455 71.881654 71.831853 71.782053 71.732252 71.682451 71.63265 71.582849 71.533049 71.483248 71.433447 71.383646 71.333846 71.284045 71.234244 71.184443 71.134642 71.084842 71.035041 70.98524 70.935439 70.885639 70.835838 70.786037 70.736236 70.686435 70.636635 70.586834 70.537033 70.487232 70.437432 70.387631 70.33783 70.288029 70.238228 70.188428 70.138627 70.088826 70.039025 69.989225
73.146238 73.096437 73.046636 72.996835 72.947035 72.897234 72.847433 72.797632 72.747831 72.698031 72.64823 72.598429 72.548628 72.498828 72.449027 72.399226 72.349425 72.299625 72.249824 72.200023 72.150222 72.100421 72.050621 72.00082 71.951019 71.901218 71.851418 71.801617 71.751816 71.702015 71.652214 71.602414 71.552613 71.502812 71.453011 71.403211 71.35341 71.303609 71.253808 71.204007 71.154207 71.104406 71.054605 71.004804 70.955004 70.905203 70.855402 70.805601 70.755801 70.706 70.656199 70.606398 70.556597 70.506797 70.456996 70.407195 70.357394 70.307594 70.257793 70.207992 70.158191 70.10839 70.05859
