gtx/eda_duv_oc/geodata/true_temp/battle_tt.tif
NCOLS 999
NROWS 355
XLLCORNER -116.69237
YLLCORNER 52.364864
DX 0.0040375205
DY 0.004035969
NODATA_VALUE -9999
[rows 28 to 55 of 355, columns 441 to 503 of 999]
-9999 -9999 -9999 -9999 -9999 -9999 -9999 -9999 -9999 -9999 -9999 -9999 -9999 -9999 -9999 -9999 -9999 -9999 -9999 -9999 -9999 -9999 -9999 -9999 -9999 -9999 -9999 -9999 -9999 -9999 -9999 -9999 -9999 -9999 -9999 -9999 -9999 -9999 -9999 -9999 -9999 -9999 -9999 -9999 -9999 -9999 -9999 -9999 -9999 -9999 -9999 -9999 -9999 -9999 -9999 -9999 -9999 -9999 -9999 -9999 -9999 -9999 -9999
-9999 -9999 -9999 -9999 -9999 -9999 -9999 -9999 -9999 -9999 -9999 -9999 -9999 -9999 -9999 -9999 -9999 -9999 -9999 -9999 -9999 -9999 -9999 -9999 -9999 -9999 -9999 -9999 -9999 -9999 -9999 -9999 -9999 -9999 -9999 -9999 -9999 -9999 -9999 -9999 -9999 -9999 -9999 -9999 -9999 -9999 -9999 -9999 -9999 -9999 -9999 -9999 -9999 -9999 -9999 -9999 -9999 -9999 -9999 -9999 -9999 -9999 -9999
-9999 -9999 -9999 -9999 -9999 -9999 -9999 -9999 -9999 -9999 -9999 -9999 -9999 -9999 -9999 -9999 -9999 -9999 -9999 -9999 -9999 -9999 -9999 -9999 -9999 -9999 -9999 -9999 -9999 -9999 -9999 -9999 -9999 -9999 -9999 -9999 -9999 -9999 -9999 -9999 -9999 -9999 -9999 -9999 -9999 -9999 -9999 -9999 -9999 -9999 -9999 -9999 -9999 -9999 -9999 -9999 -9999 -9999 -9999 -9999 -9999 -9999 -9999
-9999 -9999 -9999 -9999 -9999 -9999 -9999 -9999 -9999 -9999 -9999 -9999 -9999 -9999 -9999 -9999 -9999 -9999 -9999 -9999 -9999 -9999 -9999 -9999 -9999 -9999 -9999 -9999 -9999 -9999 -9999 -9999 -9999 -9999 -9999 -9999 -9999 -9999 -9999 -9999 -9999 -9999 -9999 -9999 -9999 -9999 -9999 -9999 -9999 -9999 -9999 -9999 -9999 -9999 -9999 -9999 -9999 -9999 -9999 -9999 -9999 -9999 -9999
-9999 -9999 -9999 -9999 -9999 -9999 -9999 -9999 -9999 -9999 -9999 -9999 -9999 -9999 -9999 -9999 -9999 -9999 -9999 -9999 -9999 -9999 -9999 -9999 -9999 -9999 -9999 -9999 -9999 -9999 -9999 -9999 -9999 -9999 -9999 -9999 -9999 -9999 -9999 -9999 -9999 -9999 -9999 -9999 -9999 -9999 -9999 -9999 -9999 -9999 -9999 -9999 -9999 -9999 -9999 -9999 -9999 -9999 -9999 -9999 -9999 -9999 -9999
-9999 -9999 -9999 -9999 -9999 -9999 -9999 -9999 -9999 -9999 -9999 -9999 -9999 -9999 -9999 -9999 -9999 -9999 -9999 -9999 -9999 -9999 -9999 -9999 -9999 -9999 -9999 -9999 -9999 -9999 -9999 -9999 -9999 -9999 -9999 -9999 -9999 -9999 -9999 -9999 -9999 -9999 -9999 -9999 -9999 -9999 -9999 -9999 -9999 -9999 -9999 -9999 -9999 -9999 -9999 -9999 -9999 -9999 -9999 -9999 -9999 -9999 -9999
-9999 -9999 -9999 -9999 -9999 -9999 -9999 -9999 -9999 -9999 -9999 -9999 -9999 -9999 -9999 -9999 -9999 -9999 -9999 -9999 -9999 -9999 -9999 -9999 -9999 -9999 -9999 -9999 -9999 -9999 -9999 -9999 -9999 -9999 -9999 -9999 -9999 -9999 -9999 -9999 -9999 -9999 -9999 -9999 -9999 -9999 -9999 -9999 -9999 -9999 -9999 -9999 -9999 -9999 -9999 -9999 -9999 -9999 -9999 -9999 -9999 -9999 -9999
-9999 -9999 -9999 -9999 -9999 -9999 -9999 -9999 -9999 -9999 -9999 -9999 -9999 -9999 -9999 -9999 -9999 -9999 -9999 -9999 -9999 -9999 -9999 -9999 -9999 -9999 -9999 -9999 -9999 -9999 -9999 -9999 -9999 -9999 -9999 -9999 -9999 -9999 -9999 -9999 -9999 -9999 -9999 -9999 -9999 -9999 -9999 -9999 -9999 -9999 -9999 -9999 -9999 -9999 -9999 -9999 -9999 -9999 -9999 -9999 -9999 -9999 -9999
-9999 -9999 -9999 -9999 -9999 -9999 -9999 -9999 -9999 -9999 -9999 -9999 -9999 -9999 -9999 -9999 -9999 -9999 -9999 -9999 -9999 -9999 -9999 -9999 -9999 -9999 -9999 -9999 -9999 -9999 -9999 -9999 -9999 -9999 -9999 -9999 -9999 -9999 -9999 -9999 -9999 -9999 -9999 -9999 -9999 -9999 -9999 -9999 -9999 -9999 -9999 -9999 -9999 -9999 -9999 -9999 -9999 -9999 -9999 -9999 -9999 -9999 -9999
69.208453 69.158652 69.108851 69.05905 69.009249 68.959449 -9999 -9999 -9999 -9999 -9999 -9999 -9999 -9999 -9999 -9999 -9999 -9999 -9999 -9999 -9999 -9999 -9999 -9999 -9999 -9999 -9999 -9999 -9999 -9999 -9999 -9999 -9999 -9999 -9999 -9999 -9999 -9999 -9999 -9999 -9999 -9999 -9999 -9999 -9999 -9999 -9999 -9999 -9999 -9999 -9999 -9999 -9999 -9999 -9999 -9999 -9999 -9999 -9999 -9999 -9999 -9999 -9999
69.277818 69.228017 69.178216 69.128415 69.078615 69.028814 68.979013 68.929212 68.879411 68.829611 68.77981 68.730009 68.680208 -9999 -9999 -9999 -9999 -9999 -9999 -9999 -9999 -9999 -9999 -9999 -9999 -9999 -9999 -9999 -9999 -9999 -9999 -9999 -9999 -9999 -9999 -9999 -9999 -9999 -9999 -9999 -9999 -9999 -9999 -9999 -9999 -9999 -9999 -9999 -9999 -9999 -9999 -9999 -9999 -9999 -9999 -9999 -9999 -9999 -9999 -9999 -9999 -9999 -9999
69.347183 69.297382 69.247581 69.19778 69.14798 69.098179 69.048378 68.998577 68.948776 68.898976 68.849175 68.799374 68.749573 68.699773 68.649972 68.600171 68.55037 68.50057 68.450769 -9999 -9999 -9999 -9999 -9999 -9999 -9999 -9999 -9999 -9999 -9999 -9999 -9999 -9999 -9999 -9999 -9999 -9999 -9999 -9999 -9999 -9999 -9999 -9999 -9999 -9999 -9999 -9999 -9999 -9999 -9999 -9999 -9999 -9999 -9999 -9999 -9999 -9999 -9999 -9999 -9999 -9999 -9999 -9999
69.416548 69.366747 69.316946 69.267145 69.217345 69.167544 69.117743 69.067942 69.018142 68.968341 68.91854 68.868739 68.818938 68.769138 68.719337 68.669536 68.619735 68.569935 68.520134 68.470333 68.420532 68.370731 68.320931 68.27113 68.221329 68.171528 -9999 -9999 -9999 -9999 -9999 -9999 -9999 -9999 -9999 -9999 -9999 -9999 -9999 -9999 -9999 -9999 -9999 -9999 -9999 -9999 -9999 -9999 -9999 -9999 -9999 -9999 -9999 -9999 -9999 -9999 -9999 -9999 -9999 -9999 -9999 -9999 -9999
69.485913 69.436112 69.386311 69.33651 69.28671 69.236909 69.187108 69.137307 69.087507 69.037706 68.987905 68.938104 68.888303 68.838503 68.788702 68.738901 68.6891 68.6393 68.589499 68.539698 68.489897 68.440096 68.390296 68.340495 68.290694 68.240893 68.191093 68.141292 68.091491 68.04169 67.99189 67.942089 67.892288 -9999 -9999 -9999 -9999 -9999 -9999 -9999 -9999 -9999 -9999 -9999 -9999 -9999 -9999 -9999 -9999 -9999 -9999 -9999 -9999 -9999 -9999 -9999 -9999 -9999 -9999 -9999 -9999 -9999 -9999
69.555278 69.505477 69.455676 69.405875 69.356075 69.306274 69.256473 69.206672 69.156872 69.107071 69.05727 69.007469 68.957668 68.907868 68.858067 68.808266 68.758465 68.708665 68.658864 68.609063 68.559262 68.509462 68.459661 68.40986 68.360059 68.310258 68.260458 68.210657 68.160856 68.111055 68.061255 68.011454 67.961653 67.911852 67.862051 67.812251 67.76245 67.712649 67.662848 -9999 -9999 -9999 -9999 -9999 -9999 -9999 -9999 -9999 -9999 -9999 -9999 -9999 -9999 -9999 -9999 -9999 -9999 -9999 -9999 -9999 -9999 -9999 -9999
69.624643 69.574842 69.525041 69.475241 69.42544 69.375639 69.325838 69.276037 69.226237 69.176436 69.126635 69.076834 69.027034 68.977233 68.927432 68.877631 68.82783 68.77803 68.728229 68.678428 68.628627 68.578827 68.529026 68.479225 68.429424 68.379623 68.329823 68.280022 68.230221 68.18042 68.13062 68.080819 68.031018 67.981217 67.931416 67.881616 67.831815 67.782014 67.732213 67.682413 67.632612 67.582811 67.53301 67.48321 67.433409 67.383608 -9999 -9999 -9999 -9999 -9999 -9999 -9999 -9999 -9999 -9999 -9999 -9999 -9999 -9999 -9999 -9999 -9999
69.694008 69.644207 69.594406 69.544606 69.494805 69.445004 69.395203 69.345402 69.295602 69.245801 69.196 69.146199 69.096399 69.046598 68.996797 68.946996 68.897195 68.847395 68.797594 68.747793 68.697992 68.648192 68.598391 68.54859 68.498789 68.448988 68.399188 68.349387 68.299586 68.249785 68.199985 68.150184 68.100383 68.050582 68.000782 67.950981 67.90118 67.851379 67.801578 67.751778 67.701977 67.652176 67.602375 67.552575 67.502774 67.452973 67.403172 67.353371 67.303571 67.25377 67.203969 67.154168 -9999 -9999 -9999 -9999 -9999 -9999 -9999 -9999 -9999 -9999 -9999
69.763373 69.713572 69.663771 69.613971 69.56417 69.514369 69.464568 69.414767 69.364967 69.315166 69.265365 69.215564 69.165764 69.115963 69.066162 69.016361 68.966561 68.91676 68.866959 68.817158 68.767357 68.717557 68.667756 68.617955 68.568154 68.518354 68.468553 68.418752 68.368951 68.31915 68.26935 68.219549 68.169748 68.119947 68.070147 68.020346 67.970545 67.920744 67.870943 67.821143 67.771342 67.721541 67.67174 67.62194 67.572139 67.522338 67.472537 67.422736 67.372936 67.323135 67.273334 67.223533 67.173733 67.123932 67.074131 67.02433 66.97453 66.924729 66.874928 -9999 -9999 -9999 -9999
69.832738 69.782937 69.733136 69.683336 69.633535 69.583734 69.533933 69.484133 69.434332 69.384531 69.33473 69.284929 69.235129 69.185328 69.135527 69.085726 69.035926 68.986125 68.936324 68.886523 68.836722 68.786922 68.737121 68.68732 68.637519 68.587719 68.537918 68.488117 68.438316 68.388515 68.338715 68.288914 68.239113 68.189312 68.139512 68.089711 68.03991 67.990109 67.940309 67.890508 67.840707 67.790906 67.741105 67.691305 67.641504 67.591703 67.541902 67.492102 67.442301 67.3925 67.342699 67.292898 67.243098 67.193297 67.143496 67.093695 67.043895 66.994094 66.944293 66.894492 66.844691 66.794891 66.74509
69.902103 69.852302 69.802501 69.752701 69.7029 69.653099 69.603298 69.553498 69.503697 69.453896 69.404095 69.354294 69.304494 69.254693 69.204892 69.155091 69.105291 69.05549 69.005689 68.955888 68.906087 68.856287 68.806486 68.756685 68.706884 68.657084 68.607283 68.557482 68.507681 68.457881 68.40808 68.358279 68.308478 68.258677 68.208877 68.159076 68.109275 68.059474 68.009674 67.959873 67.910072 67.860271 67.81047 67.76067 67.710869 67.661068 67.611267 67.561467 67.511666 67.461865 67.412064 67.362263 67.312463 67.262662 67.212861 67.16306 67.11326 67.063459 67.013658 66.963857 66.914056 66.864256 66.814455
69.971468 69.921667 69.871866 69.822066 69.772265 69.722464 69.672663 69.622863 69.573062 69.523261 69.47346 69.423659 69.373859 69.324058 69.274257 69.224456 69.174656 69.124855 69.075054 69.025253 68.975453 68.925652 68.875851 68.82605 68.776249 68.726449 68.676648 68.626847 68.577046 68.527246 68.477445 68.427644 68.377843 68.328042 68.278242 68.228441 68.17864 68.128839 68.079039 68.029238 67.979437 67.929636 67.879835 67.830035 67.780234 67.730433 67.680632 67.630832 67.581031 67.53123 67.481429 67.431629 67.381828 67.332027 67.282226 67.232425 67.182625 67.132824 67.083023 67.033222 66.983422 66.933621 66.88382
70.040833 69.991032 69.941232 69.891431 69.84163 69.791829 69.742028 69.692228 69.642427 69.592626 69.542825 69.493025 69.443224 69.393423 69.343622 69.293821 69.244021 69.19422 69.144419 69.094618 69.044818 68.995017 68.945216 68.895415 68.845614 68.795814 68.746013 68.696212 68.646411 68.596611 68.54681 68.497009 68.447208 68.397407 68.347607 68.297806 68.248005 68.198204 68.148404 68.098603 68.048802 67.999001 67.949201 67.8994 67.849599 67.799798 67.749997 67.700197 67.650396 67.600595 67.550794 67.500994 67.451193 67.401392 67.351591 67.30179 67.25199 67.202189 67.152388 67.102587 67.052787 67.002986 66.953185
70.110198 70.060397 70.010597 69.960796 69.910995 69.861194 69.811393 69.761593 69.711792 69.661991 69.61219 69.56239 69.512589 69.462788 69.412987 69.363186 69.313386 69.263585 69.213784 69.163983 69.114183 69.064382 69.014581 68.96478 68.91498 68.865179 68.815378 68.765577 68.715776 68.665976 68.616175 68.566374 68.516573 68.466773 68.416972 68.367171 68.31737 68.267569 68.217769 68.167968 68.118167 68.068366 68.018566 67.968765 67.918964 67.869163 67.819362 67.769562 67.719761 67.66996 67.620159 67.570359 67.520558 67.470757 67.420956 67.371155 67.321355 67.271554 67.221753 67.171952 67.122152 67.072351 67.02255
70.179563 70.129762 70.079962 70.030161 69.98036 69.930559 69.880758 69.830958 69.781157 69.731356 69.681555 69.631755 69.581954 69.532153 69.482352 69.432552 69.382751 69.33295 69.283149 69.233348 69.183548 69.133747 69.083946 69.034145 68.984345 68.934544 68.884743 68.834942 68.785141 68.735341 68.68554 68.635739 68.585938 68.536138 68.486337 68.436536 68.386735 68.336934 68.287134 68.237333 68.187532 68.137731 68.087931 68.03813 67.988329 67.938528 67.888727 67.838927 67.789126 67.739325 67.689524 67.639724 67.589923 67.540122 67.490321 67.440521 67.39072 67.340919 67.291118 67.241317 67.191517 67.141716 67.091915
70.248928 70.199127 70.149327 70.099526 70.049725 69.999924 69.950124 69.900323 69.850522 69.800721 69.75092 69.70112 69.651319 69.601518 69.551717 69.501917 69.452116 69.402315 69.352514 69.302713 69.252913 69.203112 69.153311 69.10351 69.05371 69.003909 68.954108 68.904307 68.854506 68.804706 68.754905 68.705104 68.655303 68.605503 68.555702 68.505901 68.4561 68.4063 68.356499 68.306698 68.256897 68.207096 68.157296 68.107495 68.057694 68.007893 67.958093 67.908292 67.858491 67.80869 67.758889 67.709089 67.659288 67.609487 67.559686 67.509886 67.460085 67.410284 67.360483 67.310682 67.260882 67.211081 67.16128
70.318293 70.268492 70.218692 70.168891 70.11909 70.069289 70.019489 69.969688 69.919887 69.870086 69.820285 69.770485 69.720684 69.670883 69.621082 69.571282 69.521481 69.47168 69.421879 69.372078 69.322278 69.272477 69.222676 69.172875 69.123075 69.073274 69.023473 68.973672 68.923872 68.874071 68.82427 68.774469 68.724668 68.674868 68.625067 68.575266 68.525465 68.475665 68.425864 68.376063 68.326262 68.276461 68.226661 68.17686 68.127059 68.077258 68.027458 67.977657 67.927856 67.878055 67.828254 67.778454 67.728653 67.678852 67.629051 67.579251 67.52945 67.479649 67.429848 67.380047 67.330247 67.280446 67.230645
70.387658 70.337857 70.288057 70.238256 70.188455 70.138654 70.088854 70.039053 69.989252 69.939451 69.889651 69.83985 69.790049 69.740248 69.690447 69.640647 69.590846 69.541045 69.491244 69.441444 69.391643 69.341842 69.292041 69.24224 69.19244 69.142639 69.092838 69.043037 68.993237 68.943436 68.893635 68.843834 68.794033 68.744233 68.694432 68.644631 68.59483 68.54503 68.495229 68.445428 68.395627 68.345826 68.296026 68.246225 68.196424 68.146623 68.096823 68.047022 67.997221 67.94742 67.89762 67.847819 67.798018 67.748217 67.698416 67.648616 67.598815 67.549014 67.499213 67.449413 67.399612 67.349811 67.30001
70.457023 70.407223 70.357422 70.307621 70.25782 70.208019 70.158219 70.108418 70.058617 70.008816 69.959016 69.909215 69.859414 69.809613 69.759812 69.710012 69.660211 69.61041 69.560609 69.510809 69.461008 69.411207 69.361406 69.311605 69.261805 69.212004 69.162203 69.112402 69.062602 69.012801 68.963 68.913199 68.863398 68.813598 68.763797 68.713996 68.664195 68.614395 68.564594 68.514793 68.464992 68.415192 68.365391 68.31559 68.265789 68.215988 68.166188 68.116387 68.066586 68.016785 67.966985 67.917184 67.867383 67.817582 67.767781 67.717981 67.66818 67.618379 67.568578 67.518778 67.468977 67.419176 67.369375
