gtx/eda_duv_oc/geodata/true_temp/lea_park_tt.tif
NCOLS 999
NROWS 505
XLLCORNER -118.57555
YLLCORNER 51.533695
DX 0.0070829039
DY 0.0070693921
NODATA_VALUE -9999
[rows 392 to 419 of 505, columns 819 to 881 of 999]
84.433333 84.344479 84.255625 84.151655 84.047294 83.942933 83.838572 83.73421 83.629849 83.525488 83.421126 83.316765 83.212404 83.108043 83.003681 82.89932 82.794959 82.690598 82.586236 82.481875 82.377514 82.273152 82.168791 82.06443 81.960069 81.855707 81.751346 81.646985 81.542624 81.438262 81.333901 81.22954 81.125178 81.020817 80.916456 80.812095 80.707733 80.603372 80.499011 80.39465 80.290288 80.185927 80.081566 79.977204 79.872843 79.768482 79.664121 79.559759 79.455398 79.351037 79.246676 79.142314 79.037953 78.933592 78.823319 78.696116 78.568913 78.441709 78.314506 78.099582 77.829182 77.558783 77.288383
84.510592 84.421738 84.325008 84.220647 84.116286 84.011924 83.907563 83.803202 83.698841 83.594479 83.490118 83.385757 83.281395 83.177034 83.072673 82.968312 82.86395 82.759589 82.655228 82.550867 82.446505 82.342144 82.237783 82.133421 82.02906 81.924699 81.820338 81.715976 81.611615 81.507254 81.402893 81.298531 81.19417 81.089809 80.985447 80.881086 80.776725 80.672364 80.568002 80.463641 80.35928 80.254919 80.150557 80.046196 79.941835 79.837473 79.733112 79.628751 79.52439 79.420028 79.315667 79.211306 79.088275 78.961072 78.833868 78.706665 78.579461 78.452258 78.286698 78.016299 77.745899 77.4755 77.2051
84.58785 84.498361 84.394 84.289638 84.185277 84.080916 83.976555 83.872193 83.767832 83.663471 83.559109 83.454748 83.350387 83.246026 83.141664 83.037303 82.932942 82.828581 82.724219 82.619858 82.515497 82.411136 82.306774 82.202413 82.098052 81.99369 81.889329 81.784968 81.680607 81.576245 81.471884 81.367523 81.263162 81.1588 81.054439 80.950078 80.845716 80.741355 80.636994 80.532633 80.428271 80.32391 80.219549 80.115188 80.010826 79.906465 79.802104 79.697742 79.593381 79.480434 79.35323 79.226027 79.098824 78.97162 78.844417 78.717213 78.59001 78.462806 78.203415 77.933015 77.662616 77.392216 77.121817
84.665109 84.567352 84.462991 84.35863 84.254269 84.149907 84.045546 83.941185 83.836824 83.732462 83.628101 83.52374 83.419378 83.315017 83.210656 83.106295 83.001933 82.897572 82.793211 82.68885 82.584488 82.480127 82.375766 82.271405 82.167043 82.062682 81.958321 81.853959 81.749598 81.645237 81.540876 81.436514 81.332153 81.227792 81.123431 81.019069 80.914708 80.810347 80.705985 80.601624 80.497263 80.392902 80.28854 80.184179 80.079818 79.975457 79.871095 79.745389 79.618186 79.490983 79.363779 79.236576 79.109372 78.982169 78.854965 78.727762 78.600558 78.390531 78.120132 77.849732 77.579333 77.308933 77.038534
84.740705 84.636344 84.531983 84.427621 84.32326 84.218899 84.114538 84.010176 83.905815 83.801454 83.697093 83.592731 83.48837 83.384009 83.279647 83.175286 83.070925 82.966564 82.862202 82.757841 82.65348 82.549119 82.444757 82.340396 82.236035 82.131673 82.027312 81.922951 81.81859 81.714228 81.609867 81.505506 81.401145 81.296783 81.192422 81.088061 80.9837 80.879338 80.774977 80.670616 80.566254 80.461893 80.357532 80.253171 80.137548 80.010345 79.883142 79.755938 79.628735 79.501531 79.374328 79.247124 79.119921 78.992717 78.865514 78.73831 78.577647 78.307248 78.036848 77.766449 77.496049 77.22565 76.95525
84.809697 84.705336 84.600974 84.496613 84.392252 84.28789 84.183529 84.079168 83.974807 83.870445 83.766084 83.661723 83.557362 83.453 83.348639 83.244278 83.139916 83.035555 82.931194 82.826833 82.722471 82.61811 82.513749 82.409388 82.305026 82.200665 82.096304 81.991942 81.887581 81.78322 81.678859 81.574497 81.470136 81.365775 81.261414 81.157052 81.052691 80.94833 80.843969 80.739607 80.635246 80.529707 80.402504 80.2753 80.148097 80.020894 79.89369 79.766487 79.639283 79.51208 79.384876 79.257673 79.130469 79.003266 78.876063 78.748859 78.494364 78.223965 77.953565 77.683166 77.412766 77.142367 76.871967
84.878688 84.774327 84.669966 84.565605 84.461243 84.356882 84.252521 84.148159 84.043798 83.939437 83.835076 83.730714 83.626353 83.521992 83.417631 83.313269 83.208908 83.104547 83.000185 82.895824 82.791463 82.687102 82.58274 82.478379 82.374018 82.269657 82.165295 82.060934 81.956573 81.852211 81.74785 81.643489 81.539128 81.434766 81.330405 81.226044 81.121683 81.017321 80.91296 80.794663 80.667459 80.540256 80.413053 80.285849 80.158646 80.031442 79.904239 79.777035 79.649832 79.522628 79.395425 79.268221 79.141018 79.013815 78.886611 78.68148 78.411081 78.140681 77.870282 77.599882 77.329483 77.059084 76.788684
84.94768 84.843319 84.738957 84.634596 84.530235 84.425874 84.321512 84.217151 84.11279 84.008428 83.904067 83.799706 83.695345 83.590983 83.486622 83.382261 83.2779 83.173538 83.069177 82.964816 82.860454 82.756093 82.651732 82.547371 82.443009 82.338648 82.234287 82.129926 82.025564 81.921203 81.816842 81.71248 81.608119 81.503758 81.399397 81.295035 81.186822 81.059618 80.932415 80.805212 80.678008 80.550805 80.423601 80.296398 80.169194 80.041991 79.914787 79.787584 79.66038 79.533177 79.405974 79.27877 79.151567 79.024363 78.868597 78.598197 78.327798 78.057398 77.786999 77.516599 77.2462 76.9758 76.705401
85.016671 84.91231 84.807949 84.703588 84.599226 84.494865 84.390504 84.286143 84.181781 84.07742 83.973059 83.868697 83.764336 83.659975 83.555614 83.451252 83.346891 83.24253 83.138169 83.033807 82.929446 82.825085 82.720723 82.616362 82.512001 82.40764 82.303278 82.198917 82.094556 81.990195 81.885833 81.781472 81.677111 81.572749 81.451777 81.324574 81.197371 81.070167 80.942964 80.81576 80.688557 80.561353 80.43415 80.306946 80.179743 80.052539 79.925336 79.798133 79.670929 79.543726 79.416522 79.289319 79.162115 79.034912 78.785313 78.514914 78.244515 77.974115 77.703716 77.433316 77.162917 76.892517 76.622118
85.085663 84.981302 84.87694 84.772579 84.668218 84.563857 84.459495 84.355134 84.250773 84.146412 84.04205 83.937689 83.833328 83.728966 83.624605 83.520244 83.415883 83.311521 83.20716 83.102799 82.998438 82.894076 82.789715 82.685354 82.580992 82.476631 82.37227 82.267909 82.163547 82.059186 81.954825 81.843936 81.716733 81.589529 81.462326 81.335123 81.207919 81.080716 80.953512 80.826309 80.699105 80.571902 80.444698 80.317495 80.190292 80.063088 79.935885 79.808681 79.681478 79.554274 79.427071 79.299867 79.172664 78.97243 78.70203 78.431631 78.161231 77.890832 77.620432 77.350033 77.079633 76.809234 76.538834
85.154655 85.050293 84.945932 84.841571 84.737209 84.632848 84.528487 84.424126 84.319764 84.215403 84.111042 84.006681 83.902319 83.797958 83.693597 83.589235 83.484874 83.380513 83.276152 83.17179 83.067429 82.963068 82.858707 82.754345 82.649984 82.545623 82.441261 82.3369 82.232539 82.108892 81.981688 81.854485 81.727282 81.600078 81.472875 81.345671 81.218468 81.091264 80.964061 80.836857 80.709654 80.58245 80.455247 80.328044 80.20084 80.073637 79.946433 79.81923 79.692026 79.564823 79.437619 79.310416 79.159546 78.889147 78.618747 78.348348 78.077948 77.807549 77.537149 77.26675 76.99635 76.725951 76.455551
85.223646 85.119285 85.014923 84.910562 84.806201 84.70184 84.597478 84.493117 84.388756 84.284395 84.180033 84.075672 83.971311 83.86695 83.762588 83.658227 83.553866 83.449504 83.345143 83.240782 83.136421 83.032059 82.927698 82.823337 82.718976 82.614614 82.501051 82.373847 82.246644 82.119441 81.992237 81.865034 81.73783 81.610627 81.483423 81.35622 81.229016 81.101813 80.974609 80.847406 80.720203 80.592999 80.465796 80.338592 80.211389 80.084185 79.956982 79.829778 79.702575 79.575371 79.448168 79.320965 79.076263 78.805863 78.535464 78.265064 77.994665 77.724265 77.453866 77.183466 76.913067 76.642667 76.372268
85.292638 85.188276 85.083915 84.979554 84.875192 84.770831 84.66647 84.562109 84.457747 84.353386 84.249025 84.144664 84.040302 83.935941 83.83158 83.727219 83.622857 83.518496 83.414135 83.309773 83.205412 83.101051 82.99669 82.892328 82.766006 82.638803 82.5116 82.384396 82.257193 82.129989 82.002786 81.875582 81.748379 81.621175 81.493972 81.366768 81.239565 81.112362 80.985158 80.857955 80.730751 80.603548 80.476344 80.349141 80.221937 80.094734 79.96753 79.840327 79.713124 79.58592 79.458717 79.263379 78.99298 78.72258 78.452181 78.181781 77.911382 77.640982 77.370583 77.100183 76.829784 76.559384 76.288985
85.361629 85.257268 85.152907 85.048545 84.944184 84.839823 84.735461 84.6311 84.526739 84.422378 84.318016 84.213655 84.109294 84.004933 83.900571 83.79621 83.691849 83.587488 83.483126 83.378765 83.274404 83.158165 83.030962 82.903758 82.776555 82.649352 82.522148 82.394945 82.267741 82.140538 82.013334 81.886131 81.758927 81.631724 81.504521 81.377317 81.250114 81.12291 80.995707 80.868503 80.7413 80.614096 80.486893 80.359689 80.232486 80.105283 79.978079 79.850876 79.723672 79.596469 79.450495 79.180096 78.909696 78.639297 78.368897 78.098498 77.828098 77.557699 77.2873 77.0169 76.746501 76.476101 76.205702
85.430621 85.326259 85.221898 85.117537 85.013176 84.908814 84.804453 84.700092 84.59573 84.491369 84.387008 84.282647 84.178285 84.073924 83.969563 83.865202 83.76084 83.656479 83.550324 83.423121 83.295917 83.168714 83.041511 82.914307 82.787104 82.6599 82.532697 82.405493 82.27829 82.151086 82.023883 81.896679 81.769476 81.642273 81.515069 81.387866 81.260662 81.133459 81.006255 80.879052 80.751848 80.624645 80.497441 80.370238 80.243035 80.115831 79.988628 79.861424 79.734221 79.607017 79.367212 79.096813 78.826413 78.556014 78.285614 78.015215 77.744815 77.474416 77.204016 76.933617 76.663217 76.392818 76.122418
85.499612 85.395251 85.29089 85.186528 85.082167 84.977806 84.873445 84.769083 84.664722 84.560361 84.455999 84.351638 84.247277 84.142916 84.038554 83.934193 83.81528 83.688076 83.560873 83.43367 83.306466 83.179263 83.052059 82.924856 82.797652 82.670449 82.543245 82.416042 82.288838 82.161635 82.034432 81.907228 81.780025 81.652821 81.525618 81.398414 81.271211 81.144007 81.016804 80.8896 80.762397 80.635194 80.50799 80.380787 80.253583 80.12638 79.999176 79.871973 79.744769 79.554328 79.283929 79.013529 78.74313 78.472731 78.202331 77.931932 77.661532 77.391133 77.120733 76.850334 76.579934 76.309535 76.039135
85.568604 85.464242 85.359881 85.25552 85.151159 85.046797 84.942436 84.838075 84.733714 84.629352 84.524991 84.42063 84.316268 84.207439 84.080235 83.953032 83.825828 83.698625 83.571422 83.444218 83.317015 83.189811 83.062608 82.935404 82.808201 82.680997 82.553794 82.426591 82.299387 82.172184 82.04498 81.917777 81.790573 81.66337 81.536166 81.408963 81.281759 81.154556 81.027353 80.900149 80.772946 80.645742 80.518539 80.391335 80.264132 80.136928 80.009725 79.882521 79.741445 79.471045 79.200646 78.930246 78.659847 78.389447 78.119048 77.848648 77.578249 77.307849 77.03745 76.76705 76.496651 76.226251 75.955852
85.637595 85.533234 85.428873 85.324511 85.22015 85.115789 85.011428 84.907066 84.802705 84.698344 84.593983 84.472394 84.345191 84.217987 84.090784 83.963581 83.836377 83.709174 83.58197 83.454767 83.327563 83.20036 83.073156 82.945953 82.818749 82.691546 82.564343 82.437139 82.309936 82.182732 82.055529 81.928325 81.801122 81.673918 81.546715 81.419512 81.292308 81.165105 81.037901 80.910698 80.783494 80.656291 80.529087 80.401884 80.27468 80.147477 80.020274 79.89307 79.658162 79.387762 79.117363 78.846963 78.576564 78.306164 78.035765 77.765365 77.494966 77.224566 76.954167 76.683767 76.413368 76.142968 75.872569
85.706587 85.602226 85.497864 85.393503 85.289142 85.18478 85.080419 84.976058 84.864553 84.73735 84.610146 84.482943 84.35574 84.228536 84.101333 83.974129 83.846926 83.719722 83.592519 83.465315 83.338112 83.210908 83.083705 82.956502 82.829298 82.702095 82.574891 82.447688 82.320484 82.193281 82.066077 81.938874 81.81167 81.684467 81.557264 81.43006 81.302857 81.175653 81.04845 80.921246 80.794043 80.666839 80.539636 80.412433 80.285229 80.158026 80.030822 79.845278 79.574878 79.304479 79.034079 78.76368 78.49328 78.222881 77.952481 77.682082 77.411682 77.141283 76.870883 76.600484 76.330084 76.059685 75.789286
85.775578 85.671217 85.566856 85.462495 85.358133 85.253772 85.129509 85.002305 84.875102 84.747899 84.620695 84.493492 84.366288 84.239085 84.111881 83.984678 83.857474 83.730271 83.603067 83.475864 83.348661 83.221457 83.094254 82.96705 82.839847 82.712643 82.58544 82.458236 82.331033 82.203829 82.076626 81.949423 81.822219 81.695016 81.567812 81.440609 81.313405 81.186202 81.058998 80.931795 80.804591 80.677388 80.550185 80.422981 80.295778 80.168574 80.032394 79.761995 79.491595 79.221196 78.950796 78.680397 78.409997 78.139598 77.869198 77.598799 77.328399 77.058 76.7876 76.517201 76.246801 75.976402 75.706002
85.84457 85.740209 85.635847 85.521668 85.394464 85.267261 85.140057 85.012854 84.885651 84.758447 84.631244 84.50404 84.376837 84.249633 84.12243 83.995226 83.868023 83.74082 83.613616 83.486413 83.359209 83.232006 83.104802 82.977599 82.850395 82.723192 82.595988 82.468785 82.341582 82.214378 82.087175 81.959971 81.832768 81.705564 81.578361 81.451157 81.323954 81.19675 81.069547 80.942344 80.81514 80.687937 80.560733 80.43353 80.306326 80.179123 79.949111 79.678711 79.408312 79.137912 78.867513 78.597113 78.326714 78.056314 77.785915 77.515515 77.245116 76.974717 76.704317 76.433918 76.163518 75.893119 75.622719
85.913561 85.786623 85.65942 85.532216 85.405013 85.27781 85.150606 85.023403 84.896199 84.768996 84.641792 84.514589 84.387385 84.260182 84.132978 84.005775 83.878572 83.751368 83.624165 83.496961 83.369758 83.242554 83.115351 82.988147 82.860944 82.733741 82.606537 82.479334 82.35213 82.224927 82.097723 81.97052 81.843316 81.716113 81.588909 81.461706 81.334503 81.207299 81.080096 80.952892 80.825689 80.698485 80.571282 80.444078 80.316875 80.136227 79.865828 79.595428 79.325029 79.054629 78.78423 78.51383 78.243431 77.973031 77.702632 77.432232 77.161833 76.891433 76.621034 76.350634 76.080235 75.809835 74.64712
85.924375 85.797172 85.669969 85.542765 85.415562 85.288358 85.161155 85.033951 84.906748 84.779544 84.652341 84.525137 84.397934 84.270731 84.143527 84.016324 83.88912 83.761917 83.634713 83.50751 83.380306 83.253103 83.125899 82.998696 82.871493 82.744289 82.617086 82.489882 82.362679 82.235475 82.108272 81.981068 81.853865 81.726662 81.599458 81.472255 81.345051 81.217848 81.090644 80.963441 80.836237 80.709034 80.58183 80.454627 80.323343 80.052944 79.782544 79.512145 79.241745 78.971346 78.700946 78.430547 78.160148 77.889748 77.619349 77.348949 77.07855 76.80815 76.537751 76.267351 75.996952 74.880755 73.638469
85.934924 85.807721 85.680517 85.553314 85.42611 85.298907 85.171703 85.0445 84.917296 84.790093 84.66289 84.535686 84.408483 84.281279 84.154076 84.026872 83.899669 83.772465 83.645262 83.518058 83.390855 83.263652 83.136448 83.009245 82.882041 82.754838 82.627634 82.500431 82.373227 82.246024 82.11882 81.991617 81.864414 81.73721 81.610007 81.482803 81.3556 81.228396 81.101193 80.973989 80.846786 80.719583 80.592379 80.465176 80.24006 79.969661 79.699261 79.428862 79.158462 78.888063 78.617663 78.347264 78.076864 77.806465 77.536065 77.265666 76.995266 76.724867 76.454467 76.184068 75.11439 73.872104 72.629818
85.945473 85.818269 85.691066 85.563862 85.436659 85.309455 85.182252 85.055049 84.927845 84.800642 84.673438 84.546235 84.419031 84.291828 84.164624 84.037421 83.910217 83.783014 83.655811 83.528607 83.401404 83.2742 83.146997 83.019793 82.89259 82.765386 82.638183 82.510979 82.383776 82.256573 82.129369 82.002166 81.874962 81.747759 81.620555 81.493352 81.366148 81.238945 81.111741 80.984538 80.857335 80.730131 80.602928 80.427176 80.156777 79.886377 79.615978 79.345579 79.075179 78.80478 78.53438 78.263981 77.993581 77.723182 77.452782 77.182383 76.911983 76.641584 76.371184 75.348025 74.105739 72.863453 -9999
85.956021 85.828818 85.701614 85.574411 85.447207 85.320004 85.192801 85.065597 84.938394 84.81119 84.683987 84.556783 84.42958 84.302376 84.175173 84.04797 83.920766 83.793563 83.666359 83.539156 83.411952 83.284749 83.157545 83.030342 82.903138 82.775935 82.648732 82.521528 82.394325 82.267121 82.139918 82.012714 81.885511 81.758307 81.631104 81.5039 81.376697 81.249494 81.12229 80.995087 80.867883 80.74068 80.613476 80.343893 80.073494 79.803094 79.532695 79.262295 78.991896 78.721496 78.451097 78.180697 77.910298 77.639898 77.369499 77.099099 76.8287 76.5583 75.58166 74.339374 73.097088 -9999 -9999
85.96657 85.839366 85.712163 85.58496 85.457756 85.330553 85.203349 85.076146 84.948942 84.821739 84.694535 84.567332 84.440128 84.312925 84.185722 84.058518 83.931315 83.804111 83.676908 83.549704 83.422501 83.295297 83.168094 83.04089 82.913687 82.786484 82.65928 82.532077 82.404873 82.27767 82.150466 82.023263 81.896059 81.768856 81.641653 81.514449 81.387246 81.260042 81.132839 81.005635 80.878432 80.751228 80.53101 80.26061 79.990211 79.719811 79.449412 79.179012 78.908613 78.638213 78.367814 78.097414 77.827015 77.556615 77.286216 77.015816 76.745417 75.815295 74.573009 73.330723 72.088438 -9999 -9999
85.977119 85.849915 85.722712 85.595508 85.468305 85.341101 85.213898 85.086694 84.959491 84.832287 84.705084 84.577881 84.450677 84.323474 84.19627 84.069067 83.941863 83.81466 83.687456 83.560253 83.433049 83.305846 83.178643 83.051439 82.924236 82.797032 82.669829 82.542625 82.415422 82.288218 82.161015 82.033811 81.906608 81.779405 81.652201 81.524998 81.397794 81.270591 81.143387 81.016184 80.88898 80.718126 80.447726 80.177327 79.906927 79.636528 79.366128 79.095729 78.825329 78.55493 78.28453 78.014131 77.743731 77.473332 77.202933 76.932533 76.04893 74.806644 73.564358 72.322073 -9999 -9999 -9999
