gtx/eda_duv_oc/geodata/true_temp/lea_park_tt.tif
NCOLS 999
NROWS 505
XLLCORNER -118.57555
YLLCORNER 51.533695
DX 0.0070829039
DY 0.0070693921
NODATA_VALUE -9999
[rows 252 to 279 of 505, columns 819 to 881 of 999]
69.251142 69.126317 69.001492 68.876667 68.751842 68.627017 68.502193 68.377368 68.252543 68.127718 68.002893 67.878068 67.753243 67.628418 67.503594 67.378769 67.253944 67.129119 67.004294 66.879469 66.754644 66.629819 66.504995 66.38017 66.255345 66.13052 66.005695 65.88087 65.756045 65.631221 65.506396 65.381571 65.256746 65.131921 65.007096 64.882271 64.757446 64.632622 64.507797 64.382972 64.258147 64.133322 64.008497 63.883672 63.758847 63.634023 63.509198 63.384373 63.259548 63.134723 63.009898 62.885073 62.760248 62.635424 62.510599 62.385774 62.260949 62.136124 62.011299 61.886474 61.761649 61.636825 61.512
69.521582 69.396757 69.271932 69.147107 69.022282 68.897457 68.772633 68.647808 68.522983 68.398158 68.273333 68.148508 68.023683 67.898858 67.774034 67.649209 67.524384 67.399559 67.274734 67.149909 67.025084 66.900259 66.775435 66.65061 66.525785 66.40096 66.276135 66.15131 66.026485 65.901661 65.776836 65.652011 65.527186 65.402361 65.277536 65.152711 65.027886 64.903062 64.778237 64.653412 64.528587 64.403762 64.278937 64.154112 64.029287 63.904463 63.779638 63.654813 63.529988 63.405163 63.280338 63.155513 63.030688 62.905864 62.781039 62.656214 62.531389 62.406564 62.281739 62.156914 62.032089 61.907265 61.78244
69.792022 69.667197 69.542372 69.417547 69.292722 69.167897 69.043073 68.918248 68.793423 68.668598 68.543773 68.418948 68.294123 68.169298 68.044474 67.919649 67.794824 67.669999 67.545174 67.420349 67.295524 67.170699 67.045875 66.92105 66.796225 66.6714 66.546575 66.42175 66.296925 66.172101 66.047276 65.922451 65.797626 65.672801 65.547976 65.423151 65.298326 65.173502 65.048677 64.923852 64.799027 64.674202 64.549377 64.424552 64.299727 64.174903 64.050078 63.925253 63.800428 63.675603 63.550778 63.425953 63.301128 63.176304 63.051479 62.926654 62.801829 62.677004 62.552179 62.427354 62.302529 62.177705 62.05288
70.062462 69.937637 69.812812 69.687987 69.563162 69.438337 69.313513 69.188688 69.063863 68.939038 68.814213 68.689388 68.564563 68.439738 68.314914 68.190089 68.065264 67.940439 67.815614 67.690789 67.565964 67.441139 67.316315 67.19149 67.066665 66.94184 66.817015 66.69219 66.567365 66.442541 66.317716 66.192891 66.068066 65.943241 65.818416 65.693591 65.568766 65.443942 65.319117 65.194292 65.069467 64.944642 64.819817 64.694992 64.570167 64.445343 64.320518 64.195693 64.070868 63.946043 63.821218 63.696393 63.571568 63.446744 63.321919 63.197094 63.072269 62.947444 62.822619 62.697794 62.572969 62.448145 62.32332
70.332902 70.208077 70.083252 69.958427 69.833602 69.708777 69.583953 69.459128 69.334303 69.209478 69.084653 68.959828 68.835003 68.710178 68.585354 68.460529 68.335704 68.210879 68.086054 67.961229 67.836404 67.711579 67.586755 67.46193 67.337105 67.21228 67.087455 66.96263 66.837805 66.712981 66.588156 66.463331 66.338506 66.213681 66.088856 65.964031 65.839206 65.714382 65.589557 65.464732 65.339907 65.215082 65.090257 64.965432 64.840607 64.715783 64.590958 64.466133 64.341308 64.216483 64.091658 63.966833 63.842008 63.717184 63.592359 63.467534 63.342709 63.217884 63.093059 62.968234 62.843409 62.718585 62.59376
70.603342 70.478517 70.353692 70.228867 70.104042 69.979217 69.854393 69.729568 69.604743 69.479918 69.355093 69.230268 69.105443 68.980618 68.855794 68.730969 68.606144 68.481319 68.356494 68.231669 68.106844 67.982019 67.857195 67.73237 67.607545 67.48272 67.357895 67.23307 67.108245 66.98342 66.858596 66.733771 66.608946 66.484121 66.359296 66.234471 66.109646 65.984822 65.859997 65.735172 65.610347 65.485522 65.360697 65.235872 65.111047 64.986223 64.861398 64.736573 64.611748 64.486923 64.362098 64.237273 64.112448 63.987624 63.862799 63.737974 63.613149 63.488324 63.363499 63.238674 63.113849 62.989025 62.8642
70.873782 70.748957 70.624132 70.499307 70.374482 70.249657 70.124833 70.000008 69.875183 69.750358 69.625533 69.500708 69.375883 69.251058 69.126234 69.001409 68.876584 68.751759 68.626934 68.502109 68.377284 68.252459 68.127635 68.00281 67.877985 67.75316 67.628335 67.50351 67.378685 67.25386 67.129036 67.004211 66.879386 66.754561 66.629736 66.504911 66.380086 66.255262 66.130437 66.005612 65.880787 65.755962 65.631137 65.506312 65.381487 65.256663 65.131838 65.007013 64.882188 64.757363 64.632538 64.507713 64.382888 64.258064 64.133239 64.008414 63.883589 63.758764 63.633939 63.509114 63.384289 63.259465 63.13464
71.05262 70.964289 70.875957 70.769747 70.644922 70.520097 70.395273 70.270448 70.145623 70.020798 69.895973 69.771148 69.646323 69.521498 69.396674 69.271849 69.147024 69.022199 68.897374 68.772549 68.647724 68.522899 68.398075 68.27325 68.148425 68.0236 67.898775 67.77395 67.649125 67.5243 67.399476 67.274651 67.149826 67.025001 66.900176 66.775351 66.650526 66.525702 66.400877 66.276052 66.151227 66.026402 65.901577 65.776752 65.651927 65.527103 65.402278 65.277453 65.152628 65.027803 64.902978 64.778153 64.653328 64.528504 64.403679 64.278854 64.154029 64.029204 63.904379 63.779554 63.654729 63.529905 63.40508
71.100574 71.012243 70.923911 70.835579 70.747247 70.658916 70.570584 70.482252 70.393921 70.291238 70.166413 70.041588 69.916763 69.791938 69.667114 69.542289 69.417464 69.292639 69.167814 69.042989 68.918164 68.793339 68.668515 68.54369 68.418865 68.29404 68.169215 68.04439 67.919565 67.79474 67.669916 67.545091 67.420266 67.295441 67.170616 67.045791 66.920966 66.796142 66.671317 66.546492 66.421667 66.296842 66.172017 66.047192 65.922367 65.797543 65.672718 65.547893 65.423068 65.298243 65.173418 65.048593 64.923768 64.798944 64.674119 64.549294 64.424469 64.299644 64.174819 64.049994 63.925169 63.800345 63.67552
71.148528 71.060197 70.971865 70.883533 70.795202 70.70687 70.618538 70.530206 70.441875 70.353543 70.265211 70.17688 70.088548 70.000216 69.911884 69.812729 69.687904 69.563079 69.438254 69.313429 69.188604 69.063779 68.938955 68.81413 68.689305 68.56448 68.439655 68.31483 68.190005 68.06518 67.940356 67.815531 67.690706 67.565881 67.441056 67.316231 67.191406 67.066582 66.941757 66.816932 66.692107 66.567282 66.442457 66.317632 66.192807 66.067983 65.943158 65.818333 65.693508 65.568683 65.443858 65.319033 65.194208 65.069384 64.944559 64.819734 64.694909 64.570084 64.445259 64.320434 64.195609 64.070785 63.94596
71.196482 71.108151 71.019819 70.931487 70.843156 70.754824 70.666492 70.57816 70.489829 70.401497 70.313165 70.224834 70.136502 70.04817 69.959838 69.871507 69.783175 69.694843 69.606512 69.51818 69.429848 69.334219 69.209395 69.08457 68.959745 68.83492 68.710095 68.58527 68.460445 68.33562 68.210796 68.085971 67.961146 67.836321 67.711496 67.586671 67.461846 67.337022 67.212197 67.087372 66.962547 66.837722 66.712897 66.588072 66.463247 66.338423 66.213598 66.088773 65.963948 65.839123 65.714298 65.589473 65.464648 65.339824 65.214999 65.090174 64.965349 64.840524 64.715699 64.590874 64.466049 64.341225 64.2164
71.244437 71.156105 71.067773 70.979441 70.89111 70.802778 70.714446 70.626115 70.537783 70.449451 70.361119 70.272788 70.184456 70.096124 70.007793 69.919461 69.831129 69.742797 69.654466 69.566134 69.477802 69.389471 69.301139 69.212807 69.124475 69.036144 68.947812 68.85571 68.730885 68.60606 68.481236 68.356411 68.231586 68.106761 67.981936 67.857111 67.732286 67.607462 67.482637 67.357812 67.232987 67.108162 66.983337 66.858512 66.733687 66.608863 66.484038 66.359213 66.234388 66.109563 65.984738 65.859913 65.735088 65.610264 65.485439 65.360614 65.235789 65.110964 64.986139 64.861314 64.736489 64.611665 64.48684
71.292391 71.204059 71.115727 71.027395 70.939064 70.850732 70.7624 70.674069 70.585737 70.497405 70.409073 70.320742 70.23241 70.144078 70.055747 69.967415 69.879083 69.790751 69.70242 69.614088 69.525756 69.437425 69.349093 69.260761 69.172429 69.084098 68.995766 68.907434 68.819103 68.730771 68.642439 68.554107 68.465776 68.377201 68.252376 68.127551 68.002726 67.877902 67.753077 67.628252 67.503427 67.378602 67.253777 67.128952 67.004127 66.879303 66.754478 66.629653 66.504828 66.380003 66.255178 66.130353 66.005528 65.880704 65.755879 65.631054 65.506229 65.381404 65.256579 65.131754 65.006929 64.882105 64.75728
71.340345 71.252013 71.163681 71.07535 70.987018 70.898686 70.810354 70.722023 70.633691 70.545359 70.457028 70.368696 70.280364 70.192032 70.103701 70.015369 69.927037 69.838706 69.750374 69.662042 69.57371 69.485379 69.397047 69.308715 69.220384 69.132052 69.04372 68.955388 68.867057 68.778725 68.690393 68.602062 68.51373 68.425398 68.337066 68.248735 68.160403 68.072071 67.98374 67.895408 67.773867 67.649042 67.524217 67.399392 67.274567 67.149743 67.024918 66.900093 66.775268 66.650443 66.525618 66.400793 66.275968 66.151144 66.026319 65.901494 65.776669 65.651844 65.527019 65.402194 65.277369 65.152545 65.02772
71.388299 71.299967 71.211635 71.123304 71.034972 70.94664 70.858308 70.769977 70.681645 70.593313 70.504982 70.41665 70.328318 70.239986 70.151655 70.063323 69.974991 69.88666 69.798328 69.709996 69.621664 69.533333 69.445001 69.356669 69.268338 69.180006 69.091674 69.003342 68.915011 68.826679 68.738347 68.650016 68.561684 68.473352 68.38502 68.296689 68.208357 68.120025 68.031694 67.943362 67.85503 67.766698 67.678367 67.590035 67.501703 67.413372 67.295358 67.170533 67.045708 66.920883 66.796058 66.671233 66.546408 66.421584 66.296759 66.171934 66.047109 65.922284 65.797459 65.672634 65.547809 65.422985 65.29816
71.436253 71.347921 71.259589 71.171258 71.082926 70.994594 70.906263 70.817931 70.729599 70.641267 70.552936 70.464604 70.376272 70.287941 70.199609 70.111277 70.022945 69.934614 69.846282 69.75795 69.669619 69.581287 69.492955 69.404623 69.316292 69.22796 69.139628 69.051297 68.962965 68.874633 68.786301 68.69797 68.609638 68.521306 68.432975 68.344643 68.256311 68.167979 68.079648 67.991316 67.902984 67.814653 67.726321 67.637989 67.549657 67.461326 67.372994 67.284662 67.196331 67.107999 67.019667 66.931335 66.816848 66.692024 66.567199 66.442374 66.317549 66.192724 66.067899 65.943074 65.818249 65.693425 65.5686
71.484207 71.395875 71.307543 71.219212 71.13088 71.042548 70.954217 70.865885 70.777553 70.689221 70.60089 70.512558 70.424226 70.335895 70.247563 70.159231 70.070899 69.982568 69.894236 69.805904 69.717573 69.629241 69.540909 69.452577 69.364246 69.275914 69.187582 69.099251 69.010919 68.922587 68.834255 68.745924 68.657592 68.56926 68.480929 68.392597 68.304265 68.215933 68.127602 68.03927 67.950938 67.862607 67.774275 67.685943 67.597611 67.50928 67.420948 67.332616 67.244285 67.155953 67.067621 66.979289 66.890958 66.802626 66.714294 66.625963 66.537631 66.449299 66.338339 66.213514 66.088689 65.963865 65.83904
71.532161 71.443829 71.355497 71.267166 71.178834 71.090502 71.002171 70.913839 70.825507 70.737175 70.648844 70.560512 70.47218 70.383849 70.295517 70.207185 70.118854 70.030522 69.94219 69.853858 69.765527 69.677195 69.588863 69.500532 69.4122 69.323868 69.235536 69.147205 69.058873 68.970541 68.88221 68.793878 68.705546 68.617214 68.528883 68.440551 68.352219 68.263888 68.175556 68.087224 67.998892 67.910561 67.822229 67.733897 67.645566 67.557234 67.468902 67.38057 67.292239 67.203907 67.115575 67.027244 66.938912 66.85058 66.762248 66.673917 66.585585 66.497253 66.408922 66.32059 66.232258 66.143926 66.055595
71.580115 71.491783 71.403452 71.31512 71.226788 71.138456 71.050125 70.961793 70.873461 70.78513 70.696798 70.608466 70.520134 70.431803 70.343471 70.255139 70.166808 70.078476 69.990144 69.901812 69.813481 69.725149 69.636817 69.548486 69.460154 69.371822 69.28349 69.195159 69.106827 69.018495 68.930164 68.841832 68.7535 68.665168 68.576837 68.488505 68.400173 68.311842 68.22351 68.135178 68.046846 67.958515 67.870183 67.781851 67.69352 67.605188 67.516856 67.428524 67.340193 67.251861 67.163529 67.075198 66.986866 66.898534 66.810202 66.721871 66.633539 66.545207 66.456876 66.368544 66.280212 66.19188 66.103549
71.628069 71.539737 71.451406 71.363074 71.274742 71.18641 71.098079 71.009747 70.921415 70.833084 70.744752 70.65642 70.568088 70.479757 70.391425 70.303093 70.214762 70.12643 70.038098 69.949767 69.861435 69.773103 69.684771 69.59644 69.508108 69.419776 69.331445 69.243113 69.154781 69.066449 68.978118 68.889786 68.801454 68.713123 68.624791 68.536459 68.448127 68.359796 68.271464 68.183132 68.094801 68.006469 67.918137 67.829805 67.741474 67.653142 67.56481 67.476479 67.388147 67.299815 67.211483 67.123152 67.03482 66.946488 66.858157 66.769825 66.681493 66.593161 66.50483 66.416498 66.328166 66.239835 66.151503
71.676023 71.587691 71.49936 71.411028 71.322696 71.234365 71.146033 71.057701 70.969369 70.881038 70.792706 70.704374 70.616043 70.527711 70.439379 70.351047 70.262716 70.174384 70.086052 69.997721 69.909389 69.821057 69.732725 69.644394 69.556062 69.46773 69.379399 69.291067 69.202735 69.114403 69.026072 68.93774 68.849408 68.761077 68.672745 68.584413 68.496081 68.40775 68.319418 68.231086 68.142755 68.054423 67.966091 67.877759 67.789428 67.701096 67.612764 67.524433 67.436101 67.347769 67.259437 67.171106 67.082774 66.994442 66.906111 66.817779 66.729447 66.641115 66.552784 66.464452 66.37612 66.287789 66.199457
71.723977 71.635645 71.547314 71.458982 71.37065 71.282319 71.193987 71.105655 71.017323 70.928992 70.84066 70.752328 70.663997 70.575665 70.487333 70.399001 70.31067 70.222338 70.134006 70.045675 69.957343 69.869011 69.78068 69.692348 69.604016 69.515684 69.427353 69.339021 69.250689 69.162358 69.074026 68.985694 68.897362 68.809031 68.720699 68.632367 68.544036 68.455704 68.367372 68.27904 68.190709 68.102377 68.014045 67.925714 67.837382 67.74905 67.660718 67.572387 67.484055 67.395723 67.307392 67.21906 67.130728 67.042396 66.954065 66.865733 66.777401 66.68907 66.600738 66.512406 66.424074 66.335743 66.247411
71.771931 71.6836 71.595268 71.506936 71.418604 71.330273 71.241941 71.153609 71.065278 70.976946 70.888614 70.800282 70.711951 70.623619 70.535287 70.446956 70.358624 70.270292 70.18196 70.093629 70.005297 69.916965 69.828634 69.740302 69.65197 69.563638 69.475307 69.386975 69.298643 69.210312 69.12198 69.033648 68.945316 68.856985 68.768653 68.680321 68.59199 68.503658 68.415326 68.326994 68.238663 68.150331 68.061999 67.973668 67.885336 67.797004 67.708672 67.620341 67.532009 67.443677 67.355346 67.267014 67.178682 67.09035 67.002019 66.913687 66.825355 66.737024 66.648692 66.56036 66.472028 66.383697 66.295365
71.855709 71.74337 71.643222 71.55489 71.466558 71.378227 71.289895 71.201563 71.113232 71.0249 70.936568 70.848236 70.759905 70.671573 70.583241 70.49491 70.406578 70.318246 70.229914 70.141583 70.053251 69.964919 69.876588 69.788256 69.699924 69.611593 69.523261 69.434929 69.346597 69.258266 69.169934 69.081602 68.993271 68.904939 68.816607 68.728275 68.639944 68.551612 68.46328 68.374949 68.286617 68.198285 68.109953 68.021622 67.93329 67.844958 67.756627 67.668295 67.579963 67.491631 67.4033 67.314968 67.226636 67.138305 67.049973 66.961641 66.873309 66.784978 66.696646 66.608314 66.519983 66.431651 66.343319
71.960634 71.848295 71.735955 71.623616 71.514513 71.426181 71.337849 71.249517 71.161186 71.072854 70.984522 70.896191 70.807859 70.719527 70.631195 70.542864 70.454532 70.3662 70.277869 70.189537 70.101205 70.012873 69.924542 69.83621 69.747878 69.659547 69.571215 69.482883 69.394551 69.30622 69.217888 69.129556 69.041225 68.952893 68.864561 68.776229 68.687898 68.599566 68.511234 68.422903 68.334571 68.246239 68.157907 68.069576 67.981244 67.892912 67.804581 67.716249 67.627917 67.539585 67.451254 67.362922 67.27459 67.186259 67.097927 67.009595 66.921263 66.832932 66.7446 66.656268 66.567937 66.479605 66.391273
72.065559 71.95322 71.840881 71.728541 71.616202 71.503863 71.391523 71.297471 71.20914 71.120808 71.032476 70.944145 70.855813 70.767481 70.679149 70.590818 70.502486 70.414154 70.325823 70.237491 70.149159 70.060827 69.972496 69.884164 69.795832 69.707501 69.619169 69.530837 69.442505 69.354174 69.265842 69.17751 69.089179 69.000847 68.912515 68.824184 68.735852 68.64752 68.559188 68.470857 68.382525 68.294193 68.205862 68.11753 68.029198 67.940866 67.852535 67.764203 67.675871 67.58754 67.499208 67.410876 67.322544 67.234213 67.145881 67.057549 66.969218 66.880886 66.792554 66.704222 66.615891 66.527559 66.439227
72.170485 72.058145 71.945806 71.833466 71.721127 71.608788 71.496448 71.384109 71.27177 71.168762 71.08043 70.992099 70.903767 70.815435 70.727104 70.638772 70.55044 70.462108 70.373777 70.285445 70.197113 70.108782 70.02045 69.932118 69.843786 69.755455 69.667123 69.578791 69.49046 69.402128 69.313796 69.225464 69.137133 69.048801 68.960469 68.872138 68.783806 68.695474 68.607142 68.518811 68.430479 68.342147 68.253816 68.165484 68.077152 67.98882 67.900489 67.812157 67.723825 67.635494 67.547162 67.45883 67.370498 67.282167 67.193835 67.105503 67.017172 66.92884 66.840508 66.752176 66.663845 66.575513 66.487181
72.27541 72.16307 72.050731 71.938392 71.826052 71.713713 71.601374 71.489034 71.376695 71.264355 71.152016 71.040053 70.951721 70.863389 70.775058 70.686726 70.598394 70.510062 70.421731 70.333399 70.245067 70.156736 70.068404 69.980072 69.89174 69.803409 69.715077 69.626745 69.538414 69.450082 69.36175 69.273418 69.185087 69.096755 69.008423 68.920092 68.83176 68.743428 68.655097 68.566765 68.478433 68.390101 68.30177 68.213438 68.125106 68.036775 67.948443 67.860111 67.771779 67.683448 67.595116 67.506784 67.418453 67.330121 67.241789 67.153457 67.065126 66.976794 66.888462 66.800131 66.711799 66.623467 66.535135
