gtx/eda_duv_oc/geodata/true_temp/lea_park_tt.tif
NCOLS 999
NROWS 505
XLLCORNER -118.57555
YLLCORNER 51.533695
DX 0.0070829039
DY 0.0070693921
NODATA_VALUE -9999
[rows 168 to 195 of 505, columns 819 to 881 of 999]
55.80497 55.7691 55.733231 55.697361 55.661492 55.632061 55.604266 55.576472 55.548677 55.520883 55.493088 55.465294 55.4375 55.409705 55.381911 55.354116 55.326322 55.298527 55.270733 55.242938 55.215144 -9999 -9999 -9999 -9999 -9999 -9999 -9999 -9999 -9999 -9999 -9999 -9999 -9999 -9999 -9999 -9999 -9999 -9999 -9999 -9999 -9999 -9999 -9999 -9999 -9999 -9999 -9999 -9999 -9999 -9999 -9999 -9999 -9999 -9999 -9999 -9999 -9999 -9999 -9999 -9999 -9999 -9999
55.896447 55.860577 55.824708 55.788838 55.752969 55.717099 55.687479 55.659685 55.63189 55.604096 55.576301 55.548507 55.520712 55.492918 55.465123 55.437329 55.409535 55.38174 55.353946 55.326151 55.298357 55.270562 55.242768 -9999 -9999 -9999 -9999 -9999 -9999 -9999 -9999 -9999 -9999 -9999 -9999 -9999 -9999 -9999 -9999 -9999 -9999 -9999 -9999 -9999 -9999 -9999 -9999 -9999 -9999 -9999 -9999 -9999 -9999 -9999 -9999 -9999 -9999 -9999 -9999 -9999 -9999 -9999 -9999
55.987924 55.952054 55.916185 55.880315 55.844446 55.808576 55.772707 55.742897 55.715103 55.687309 55.659514 55.63172 55.603925 55.576131 55.548336 55.520542 55.492747 55.464953 55.437159 55.409364 55.38157 55.353775 55.325981 55.298186 -9999 -9999 -9999 -9999 -9999 -9999 -9999 -9999 -9999 -9999 -9999 -9999 -9999 -9999 -9999 -9999 -9999 -9999 -9999 -9999 -9999 -9999 -9999 -9999 -9999 -9999 -9999 -9999 -9999 -9999 -9999 -9999 -9999 -9999 -9999 -9999 -9999 -9999 -9999
56.079401 56.043531 56.007662 55.971792 55.935923 55.900053 55.864184 55.828314 55.798316 55.770521 55.742727 55.714932 55.687138 55.659344 55.631549 55.603755 55.57596 55.548166 55.520371 55.492577 55.464783 55.436988 55.409194 55.381399 55.353605 -9999 -9999 -9999 -9999 -9999 -9999 -9999 -9999 -9999 -9999 -9999 -9999 -9999 -9999 -9999 -9999 -9999 -9999 -9999 -9999 -9999 -9999 -9999 -9999 -9999 -9999 -9999 -9999 -9999 -9999 -9999 -9999 -9999 -9999 -9999 -9999 -9999 -9999
56.170878 56.135008 56.099139 56.063269 56.0274 55.99153 55.955661 55.919791 55.883921 55.853734 55.82594 55.798145 55.770351 55.742556 55.714762 55.686968 55.659173 55.631379 55.603584 55.57579 55.547995 55.520201 55.492407 55.464612 55.436818 55.409023 55.381229 -9999 -9999 -9999 -9999 -9999 -9999 -9999 -9999 -9999 -9999 -9999 -9999 -9999 -9999 -9999 -9999 -9999 -9999 -9999 -9999 -9999 -9999 -9999 -9999 -9999 -9999 -9999 -9999 -9999 -9999 -9999 -9999 -9999 -9999 -9999 -9999
56.262355 56.226485 56.190616 56.154746 56.118877 56.083007 56.047137 56.011268 55.975398 55.939529 55.909153 55.881358 55.853564 55.825769 55.797975 55.77018 55.742386 55.714592 55.686797 55.659003 55.631208 55.603414 55.575619 55.547825 55.52003 55.492236 55.464442 55.436647 -9999 -9999 -9999 -9999 -9999 -9999 -9999 -9999 -9999 -9999 -9999 -9999 -9999 -9999 -9999 -9999 -9999 -9999 -9999 -9999 -9999 -9999 -9999 -9999 -9999 -9999 -9999 -9999 -9999 -9999 -9999 -9999 -9999 -9999 -9999
56.353832 56.317962 56.282093 56.246223 56.210353 56.174484 56.138614 56.102745 56.066875 56.031006 55.995136 55.964571 55.936777 55.908982 55.881188 55.853393 55.825599 55.797804 55.77001 55.742216 55.714421 55.686627 55.658832 55.631038 55.603243 55.575449 55.547654 55.51986 55.492066 55.464271 -9999 -9999 -9999 -9999 -9999 -9999 -9999 -9999 -9999 -9999 -9999 -9999 -9999 -9999 -9999 -9999 -9999 -9999 -9999 -9999 -9999 -9999 -9999 -9999 -9999 -9999 -9999 -9999 -9999 -9999 -9999 -9999 -9999
56.445309 56.409439 56.373569 56.3377 56.30183 56.265961 56.230091 56.194222 56.158352 56.122483 56.086613 56.050744 56.019989 55.992195 55.964401 55.936606 55.908812 55.881017 55.853223 55.825428 55.797634 55.76984 55.742045 55.714251 55.686456 55.658662 55.630867 55.603073 55.575278 55.547484 55.51969 -9999 -9999 -9999 -9999 -9999 -9999 -9999 -9999 -9999 -9999 -9999 -9999 -9999 -9999 -9999 -9999 -9999 -9999 -9999 -9999 -9999 -9999 -9999 -9999 -9999 -9999 -9999 -9999 -9999 -9999 -9999 -9999
56.536786 56.500916 56.465046 56.429177 56.393307 56.357438 56.321568 56.285699 56.249829 56.21396 56.17809 56.142221 56.106351 56.075408 56.047613 56.019819 55.992025 55.96423 55.936436 55.908641 55.880847 55.853052 55.825258 55.797463 55.769669 55.741875 55.71408 55.686286 55.658491 55.630697 55.602902 55.575108 55.547314 -9999 -9999 -9999 -9999 -9999 -9999 -9999 -9999 -9999 -9999 -9999 -9999 -9999 -9999 -9999 -9999 -9999 -9999 -9999 -9999 -9999 -9999 -9999 -9999 -9999 -9999 -9999 -9999 -9999 -9999
56.628262 56.592393 56.556523 56.520654 56.484784 56.448915 56.413045 56.377176 56.341306 56.305437 56.269567 56.233698 56.197828 56.161958 56.130826 56.103032 56.075237 56.047443 56.019649 55.991854 55.96406 55.936265 55.908471 55.880676 55.852882 55.825087 55.797293 55.769499 55.741704 55.71391 55.686115 55.658321 55.630526 55.602732 -9999 -9999 -9999 -9999 -9999 -9999 -9999 -9999 -9999 -9999 -9999 -9999 -9999 -9999 -9999 -9999 -9999 -9999 -9999 -9999 -9999 -9999 -9999 -9999 -9999 -9999 -9999 -9999 -9999
56.719739 56.68387 56.648 56.612131 56.576261 56.540392 56.504522 56.468653 56.432783 56.396914 56.361044 56.325174 56.289305 56.253435 56.217566 56.186245 56.15845 56.130656 56.102861 56.075067 56.047273 56.019478 55.991684 55.963889 55.936095 55.9083 55.880506 55.852711 55.824917 55.797123 55.769328 55.741534 55.713739 55.685945 55.65815 55.630356 -9999 -9999 -9999 -9999 -9999 -9999 -9999 -9999 -9999 -9999 -9999 -9999 -9999 -9999 -9999 -9999 -9999 -9999 -9999 -9999 -9999 -9999 -9999 -9999 -9999 -9999 -9999
56.811216 56.775347 56.739477 56.703608 56.667738 56.631869 56.595999 56.56013 56.52426 56.48839 56.452521 56.416651 56.380782 56.344912 56.309043 56.273173 56.241663 56.213869 56.186074 56.15828 56.130485 56.102691 56.074896 56.047102 56.019308 55.991513 55.963719 55.935924 55.90813 55.880335 55.852541 55.824747 55.796952 55.769158 55.741363 55.713569 55.685774 -9999 -9999 -9999 -9999 -9999 -9999 -9999 -9999 -9999 -9999 -9999 -9999 -9999 -9999 -9999 -9999 -9999 -9999 -9999 -9999 -9999 -9999 -9999 -9999 -9999 -9999
56.902693 56.866824 56.830954 56.795085 56.759215 56.723346 56.687476 56.651607 56.615737 56.579867 56.543998 56.508128 56.472259 56.436389 56.40052 56.36465 56.328781 56.297082 56.269287 56.241493 56.213698 56.185904 56.158109 56.130315 56.10252 56.074726 56.046932 56.019137 55.991343 55.963548 55.935754 55.907959 55.880165 55.852371 55.824576 55.796782 55.768987 55.741193 55.713398 -9999 -9999 -9999 -9999 -9999 -9999 -9999 -9999 -9999 -9999 -9999 -9999 -9999 -9999 -9999 -9999 -9999 -9999 -9999 -9999 -9999 -9999 -9999 -9999
56.99417 56.958301 56.922431 56.886562 56.850692 56.814823 56.778953 56.743083 56.707214 56.671344 56.635475 56.599605 56.563736 56.527866 56.491997 56.456127 56.420258 56.384388 56.3525 56.324705 56.296911 56.269117 56.241322 56.213528 56.185733 56.157939 56.130144 56.10235 56.074556 56.046761 56.018967 55.991172 55.963378 55.935583 55.907789 55.879994 55.8522 55.824406 55.796611 55.768817 -9999 -9999 -9999 -9999 -9999 -9999 -9999 -9999 -9999 -9999 -9999 -9999 -9999 -9999 -9999 -9999 -9999 -9999 -9999 -9999 -9999 -9999 -9999
57.085647 57.049778 57.013908 56.978039 56.942169 56.906299 56.87043 56.83456 56.798691 56.762821 56.726952 56.691082 56.655213 56.619343 56.583474 56.547604 56.511735 56.475865 56.439995 56.407918 56.380124 56.352329 56.324535 56.296741 56.268946 56.241152 56.213357 56.185563 56.157768 56.129974 56.10218 56.074385 56.046591 56.018796 55.991002 55.963207 55.935413 55.907618 55.879824 55.85203 55.824235 55.796441 -9999 -9999 -9999 -9999 -9999 -9999 -9999 -9999 -9999 -9999 -9999 -9999 -9999 -9999 -9999 -9999 -9999 -9999 -9999 -9999 -9999
57.177124 57.141255 57.105385 57.069515 57.033646 56.997776 56.961907 56.926037 56.890168 56.854298 56.818429 56.782559 56.74669 56.71082 56.674951 56.639081 56.603211 56.567342 56.531472 56.495603 56.463337 56.435542 56.407748 56.379953 56.352159 56.324365 56.29657 56.268776 56.240981 56.213187 56.185392 56.157598 56.129803 56.102009 56.074215 56.04642 56.018626 55.990831 55.963037 55.935242 55.907448 55.879654 55.851859 -9999 -9999 -9999 -9999 -9999 -9999 -9999 -9999 -9999 -9999 -9999 -9999 -9999 -9999 -9999 -9999 -9999 -9999 -9999 -9999
57.268601 57.232732 57.196862 57.160992 57.125123 57.089253 57.053384 57.017514 56.981645 56.945775 56.909906 56.874036 56.838167 56.802297 56.766428 56.730558 56.694688 56.658819 56.622949 56.58708 56.55121 56.518755 56.490961 56.463166 56.435372 56.407577 56.379783 56.351989 56.324194 56.2964 56.268605 56.240811 56.213016 56.185222 56.157427 56.129633 56.101839 56.074044 56.04625 56.018455 55.990661 55.962866 55.935072 55.907278 55.879483 -9999 -9999 -9999 -9999 -9999 -9999 -9999 -9999 -9999 -9999 -9999 -9999 -9999 -9999 -9999 -9999 -9999 -9999
57.360078 57.324208 57.288339 57.252469 57.2166 57.18073 57.144861 57.108991 57.073122 57.037252 57.001383 56.965513 56.929644 56.893774 56.857904 56.822035 56.786165 56.750296 56.714426 56.678557 56.642687 56.606818 56.574174 56.546379 56.518585 56.49079 56.462996 56.435201 56.407407 56.379613 56.351818 56.324024 56.296229 56.268435 56.24064 56.212846 56.185051 56.157257 56.129463 56.101668 56.073874 56.046079 56.018285 55.99049 55.962696 55.934901 -9999 -9999 -9999 -9999 -9999 -9999 -9999 -9999 -9999 -9999 -9999 -9999 -9999 -9999 -9999 -9999 -9999
57.451555 57.415685 57.379816 57.343946 57.308077 57.272207 57.236338 57.200468 57.164599 57.128729 57.09286 57.05699 57.02112 56.985251 56.949381 56.913512 56.877642 56.841773 56.805903 56.770034 56.734164 56.698295 56.662425 56.629592 56.601798 56.574003 56.546209 56.518414 56.49062 56.462825 56.435031 56.407236 56.379442 56.351648 56.323853 56.296059 56.268264 56.24047 56.212675 56.184881 56.157087 56.129292 56.101498 56.073703 56.045909 56.018114 55.99032 55.962525 -9999 -9999 -9999 -9999 -9999 -9999 -9999 -9999 -9999 -9999 -9999 -9999 -9999 -9999 -9999
57.543032 57.507162 57.471293 57.435423 57.399554 57.363684 57.327815 57.291945 57.256076 57.220206 57.184336 57.148467 57.112597 57.076728 57.040858 57.004989 56.969119 56.93325 56.89738 56.861511 56.825641 56.789772 56.753902 56.718032 56.68501 56.657216 56.629422 56.601627 56.573833 56.546038 56.518244 56.490449 56.462655 56.43486 56.407066 56.379272 56.351477 56.323683 56.295888 56.268094 56.240299 56.212505 56.184711 56.156916 56.129122 56.101327 56.073533 56.045738 56.017944 -9999 -9999 -9999 -9999 -9999 -9999 -9999 -9999 -9999 -9999 -9999 -9999 -9999 -9999
57.634509 57.598639 57.56277 57.5269 57.491031 57.455161 57.419292 57.383422 57.347553 57.311683 57.275813 57.239944 57.204074 57.168205 57.132335 57.096466 57.060596 57.024727 56.988857 56.952988 56.917118 56.881249 56.845379 56.809509 56.77364 56.740429 56.712634 56.68484 56.657045 56.629251 56.601457 56.573662 56.545868 56.518073 56.490279 56.462484 56.43469 56.406896 56.379101 56.351307 56.323512 56.295718 56.267923 56.240129 56.212334 56.18454 56.156746 56.128951 56.101157 56.073362 56.045568 -9999 -9999 -9999 -9999 -9999 -9999 -9999 -9999 -9999 -9999 -9999 -9999
57.725986 57.690116 57.654247 57.618377 57.582508 57.546638 57.510769 57.474899 57.439029 57.40316 57.36729 57.331421 57.295551 57.259682 57.223812 57.187943 57.152073 57.116204 57.080334 57.044465 57.008595 56.972725 56.936856 56.900986 56.865117 56.829247 56.795847 56.768053 56.740258 56.712464 56.684669 56.656875 56.629081 56.601286 56.573492 56.545697 56.517903 56.490108 56.462314 56.43452 56.406725 56.378931 56.351136 56.323342 56.295547 56.267753 56.239958 56.212164 56.18437 56.156575 56.128781 56.100986 -9999 -9999 -9999 -9999 -9999 -9999 -9999 -9999 -9999 -9999 -9999
57.817463 57.781593 57.745724 57.709854 57.673985 57.638115 57.602245 57.566376 57.530506 57.494637 57.458767 57.422898 57.387028 57.351159 57.315289 57.27942 57.24355 57.207681 57.171811 57.135941 57.100072 57.064202 57.028333 56.992463 56.956594 56.920724 56.884855 56.851266 56.823471 56.795677 56.767882 56.740088 56.712293 56.684499 56.656705 56.62891 56.601116 56.573321 56.545527 56.517732 56.489938 56.462143 56.434349 56.406555 56.37876 56.350966 56.323171 56.295377 56.267582 56.239788 56.211994 56.184199 56.156405 56.12861 -9999 -9999 -9999 -9999 -9999 -9999 -9999 -9999 -9999
57.90894 57.87307 57.837201 57.801331 57.765461 57.729592 57.693722 57.657853 57.621983 57.586114 57.550244 57.514375 57.478505 57.442636 57.406766 57.370897 57.335027 57.299157 57.263288 57.227418 57.191549 57.155679 57.11981 57.08394 57.048071 57.012201 56.976332 56.940462 56.906684 56.87889 56.851095 56.823301 56.795506 56.767712 56.739917 56.712123 56.684329 56.656534 56.62874 56.600945 56.573151 56.545356 56.517562 56.489767 56.461973 56.434179 56.406384 56.37859 56.350795 56.323001 56.295206 56.267412 56.239618 56.211823 56.184029 -9999 -9999 -9999 -9999 -9999 -9999 -9999 -9999
58.000417 57.964547 57.928677 57.892808 57.856938 57.821069 57.785199 57.74933 57.71346 57.677591 57.641721 57.605852 57.569982 57.534113 57.498243 57.462374 57.426504 57.390634 57.354765 57.318895 57.283026 57.247156 57.211287 57.175417 57.139548 57.103678 57.067809 57.031939 56.99607 56.962102 56.934308 56.906514 56.878719 56.850925 56.82313 56.795336 56.767541 56.739747 56.711953 56.684158 56.656364 56.628569 56.600775 56.57298 56.545186 56.517391 56.489597 56.461803 56.434008 56.406214 56.378419 56.350625 56.32283 56.295036 56.267241 56.239447 -9999 -9999 -9999 -9999 -9999 -9999 -9999
58.091894 58.056024 58.020154 57.984285 57.948415 57.912546 57.876676 57.840807 57.804937 57.769068 57.733198 57.697329 57.661459 57.62559 57.58972 57.55385 57.517981 57.482111 57.446242 57.410372 57.374503 57.338633 57.302764 57.266894 57.231025 57.195155 57.159286 57.123416 57.087546 57.051677 57.017521 56.989726 56.961932 56.934138 56.906343 56.878549 56.850754 56.82296 56.795165 56.767371 56.739576 56.711782 56.683988 56.656193 56.628399 56.600604 56.57281 56.545015 56.517221 56.489427 56.461632 56.433838 56.406043 56.378249 56.350454 56.32266 56.294865 56.267071 -9999 -9999 -9999 -9999 -9999
58.18337 58.147501 58.111631 58.075762 58.039892 58.004023 57.968153 57.932284 57.896414 57.860545 57.824675 57.788806 57.752936 57.717066 57.681197 57.645327 57.609458 57.573588 57.537719 57.501849 57.46598 57.43011 57.394241 57.358371 57.322502 57.286632 57.250762 57.214893 57.179023 57.143154 57.107284 57.072939 57.045145 57.01735 56.989556 56.961762 56.933967 56.906173 56.878378 56.850584 56.822789 56.794995 56.7672 56.739406 56.711612 56.683817 56.656023 56.628228 56.600434 56.572639 56.544845 56.517051 56.489256 56.461462 56.433667 56.405873 56.378078 56.350284 56.322489 -9999 -9999 -9999 -9999
58.274847 58.238978 58.203108 58.167239 58.131369 58.0955 58.05963 58.023761 57.987891 57.952022 57.916152 57.880282 57.844413 57.808543 57.772674 57.736804 57.700935 57.665065 57.629196 57.593326 57.557457 57.521587 57.485718 57.449848 57.413978 57.378109 57.342239 57.30637 57.2705 57.234631 57.198761 57.162892 57.128358 57.100563 57.072769 57.044974 57.01718 56.989386 56.961591 56.933797 56.906002 56.878208 56.850413 56.822619 56.794824 56.76703 56.739236 56.711441 56.683647 56.655852 56.628058 56.600263 56.572469 56.544674 56.51688 56.489086 56.461291 56.433497 56.405702 56.377908 56.350113 -9999 -9999
