gtx/eda_duv_oc/geodata/true_temp/lea_park_tt.tif
NCOLS 999
NROWS 505
XLLCORNER -118.57555
YLLCORNER 51.533695
DX 0.0070829039
DY 0.0070693921
NODATA_VALUE -9999
[rows 112 to 139 of 505, columns 252 to 314 of 999]
107.97695 108.05684 108.13674 108.21663 108.29653 108.37642 108.45632 108.53621 108.6161 108.696 108.77589 108.85579 108.93568 109.01558 109.09547 109.16965 109.23965 109.23476 109.18901 108.60525 108.00606 107.40688 106.80769 106.20851 105.67015 105.15489 104.63963 104.12436 103.6091 103.09384 102.57857 102.2092 102.36053 102.58063 102.80073 103.02083 103.24093 103.46103 103.68113 103.90123 104.12133 104.12549 103.7101 103.39501 103.07992 102.76483 102.44974 102.13465 101.81956 101.61577 101.44667 101.27756 101.10846 100.93936 100.77025 100.60115 100.43205 100.26294 100.09384 99.924734 99.755631 99.59567 99.656162
108.7799 108.85979 108.93968 109.01958 109.09947 109.17937 109.25926 109.33916 109.41905 109.49894 109.57884 109.65873 109.73863 109.81852 109.89842 109.97831 110.0582 109.91785 109.40258 108.88732 108.37206 107.85679 107.34153 106.82627 106.31101 105.79574 105.28048 104.76522 104.24995 103.73469 103.21943 102.90401 102.77278 102.99288 103.21298 103.43308 103.65318 103.87328 104.09338 104.31348 104.53358 104.13775 103.71111 103.35828 103.04319 102.7281 102.41301 102.09792 101.8161 101.647 101.47789 101.30879 101.13968 100.97058 100.80148 100.63237 100.46327 100.29417 100.12506 100.03075 100.09505 100.15934 99.697732
109.58284 109.66273 109.74263 109.82252 109.90242 109.98231 110.06221 110.11027 110.13215 110.15404 110.17593 110.19781 110.2197 110.24159 110.26348 110.28536 110.30725 110.26272 110.04344 109.52817 109.01291 108.49765 107.98238 107.46712 106.95186 106.43659 105.92133 105.40607 104.8908 104.37554 103.91095 103.59882 103.2867 103.40512 103.62522 103.84532 104.06542 104.28552 104.50562 104.72572 104.57664 104.15001 103.72337 103.32155 103.00646 102.69137 102.37628 102.06119 101.84732 101.67822 101.50912 101.34001 101.17091 101.0018 100.8327 100.6636 100.49449 100.46583 100.53013 100.59443 100.65872 100.72302 100.35039
110.18706 110.20895 110.23083 110.25272 110.27461 110.29649 110.31838 110.34027 110.36215 110.38404 110.40593 110.42781 110.4497 110.47159 110.49348 110.51536 110.53725 110.47158 110.37005 110.16902 109.65376 109.1385 108.62324 108.10797 107.59271 107.07745 106.56218 106.04692 105.53166 105.01639 104.60576 104.29363 103.98151 103.81736 104.03746 104.25756 104.47766 104.69776 104.91786 105.01553 104.5889 104.16226 103.73563 103.30899 102.96974 102.65465 102.33956 102.04765 101.87855 101.70944 101.54034 101.37124 101.20213 101.03303 100.86392 100.90092 100.96521 101.02951 101.0938 101.1581 101.2224 101.28669 101.00306
110.41706 110.43895 110.46083 110.48272 110.50461 110.52649 110.54838 110.57027 110.59215 110.61404 110.63593 110.65782 110.6797 110.70159 110.72348 110.74536 110.76725 110.68045 110.57892 110.47739 110.29461 109.77935 109.26409 108.74882 108.23356 107.7183 107.20303 106.68777 106.17251 105.65724 105.30057 104.98845 104.67632 104.36419 104.44971 104.66981 104.88991 105.11001 105.33011 105.02779 104.60115 104.17452 103.74788 103.32125 102.93301 102.61792 102.30283 102.07887 101.90977 101.74067 101.57156 101.40246 101.2717 101.336 101.4003 101.46459 101.52889 101.59318 101.65748 101.72177 101.78607 101.85037 101.65572
110.64706 110.66895 110.69083 110.71272 110.73461 110.75649 110.77838 110.80027 110.82215 110.84404 110.86593 110.88782 110.9097 110.93159 110.95348 110.97536 110.99085 110.88932 110.78778 110.68625 110.58472 110.4202 109.90494 109.38968 108.87441 108.35915 107.84389 107.32862 106.81336 106.30751 105.99539 105.68326 105.37113 105.059 104.86195 105.08205 105.30215 105.52225 105.46668 105.04004 104.61341 104.18677 103.76014 103.3335 102.90687 102.58119 102.2792 102.1101 101.94099 101.77189 101.70679 101.77108 101.83538 101.89967 101.96397 102.02827 102.09256 102.15686 102.22115 102.28545 102.34974 102.41404 102.30838
110.87706 110.89895 110.92083 110.94272 110.96461 110.98649 111.00838 111.03027 111.05216 111.07404 111.09593 111.11782 111.1397 111.16159 111.18348 111.20536 111.19971 111.09818 110.99665 110.89512 110.79359 110.69206 110.54579 110.03053 109.51526 109 108.48474 107.96947 107.45421 107.00232 106.6902 106.37807 106.06594 105.75381 105.44169 105.4943 105.7144 105.90557 105.47893 105.0523 104.62566 104.19903 103.77239 103.34576 102.91912 102.54447 102.31042 102.14132 102.14187 102.20616 102.27046 102.33476 102.39905 102.46335 102.52764 102.59194 102.65624 102.72053 102.78483 102.84912 102.91342 102.97771 102.96104
111.10706 111.12895 111.15083 111.17272 111.19461 111.21649 111.23838 111.26027 111.28216 111.30404 111.32593 111.34782 111.3697 111.39159 111.41348 111.43536 111.40858 111.30705 111.20552 111.10398 111.00245 110.90092 110.79939 110.67138 110.15612 109.64085 109.12559 108.61033 108.09506 107.69714 107.38501 107.07288 106.76075 106.44863 106.1365 105.90654 106.12664 105.91782 105.49119 105.06455 104.63792 104.21128 103.78465 103.35801 102.93138 102.51265 102.57695 102.64125 102.70554 102.76984 102.83413 102.89843 102.96273 103.02702 103.09132 103.15561 103.21991 103.28421 103.3485 103.4128 103.47709 103.54139 103.60568
111.31586 111.34951 111.38083 111.40272 111.42461 111.4465 111.46838 111.49027 111.51216 111.53404 111.55593 111.57782 111.5997 111.62159 111.64348 111.66536 111.61744 111.51591 111.41438 111.31285 111.21132 111.10979 111.00826 110.90672 110.79697 110.28171 109.76644 109.25118 108.73592 108.39195 108.07982 107.76769 107.45557 107.14344 106.83131 106.51918 106.35672 105.93008 105.49694 105.04787 104.59879 104.14972 103.70065 103.25157 102.8025 102.95205 103.14062 103.20492 103.26922 103.33351 103.39781 103.4621 103.5264 103.5907 103.65499 103.71929 103.78358 103.84788 103.91218 103.97647 104.04077 104.10506 104.16936
111.52371 111.55736 111.59101 111.62466 111.65461 111.6765 111.69838 111.72027 111.74216 111.76404 111.78593 111.80782 111.8297 111.85159 111.87348 111.89536 111.82631 111.72478 111.62325 111.52171 111.42018 111.31865 111.21712 111.11559 111.01406 110.91253 110.40729 109.89203 109.39889 109.08676 108.77463 108.46251 108.15038 107.83825 107.25466 106.35772 106.24318 105.7941 105.34503 104.89596 104.44688 103.99781 103.54873 103.09966 103.1026 103.38534 103.66808 103.76859 103.83289 103.89719 103.96148 104.02578 104.09007 104.15437 104.21867 104.28296 104.34726 104.41155 104.47585 104.54015 104.60444 104.66874 104.73303
111.73156 111.76521 111.79886 111.83251 111.86616 111.89981 111.92838 111.95027 111.97216 111.99404 112.01593 112.03782 112.0597 112.08159 112.10348 112.12536 112.03517 111.93364 111.83211 111.73058 111.62905 111.52752 111.42599 111.32446 111.22292 111.12139 111.01986 110.53288 110.0937 109.78157 109.46944 108.9768 108.07987 107.18294 106.286 105.9445 106.09127 105.64219 105.19312 104.74404 104.29497 103.8459 103.39682 103.25314 103.53589 103.81863 104.10137 104.33227 104.39656 104.46086 104.52516 104.58945 104.65375 104.71804 104.78234 104.84664 104.91093 104.97523 105.03952 105.10382 105.16812 105.23241 105.29671
111.93942 111.97307 112.00672 112.04037 112.07402 112.10766 112.14131 112.17496 112.20216 112.22404 112.24593 112.26782 112.2897 112.31159 112.33348 112.34557 112.24404 112.14251 112.04098 111.93945 111.83791 111.73638 111.63485 111.53332 111.43179 111.33026 111.22873 111.1272 110.69895 109.80202 108.90508 108.00815 107.11122 106.21428 105.31735 105.77537 105.93935 105.49028 105.04121 104.59213 104.14306 103.69399 103.40369 103.68643 103.96918 104.25192 104.53466 104.8174 104.96024 105.02453 105.08883 105.15313 105.21742 105.28172 105.34601 105.41031 105.47461 105.5389 105.6032 105.66749 105.73179 105.79609 105.86038
112.14727 112.18092 112.21457 112.24822 112.28187 112.31552 112.34917 112.38282 112.41647 112.45012 112.47593 112.49782 112.5197 112.54159 112.56348 112.55444 112.4529 112.35137 112.24984 112.14831 112.04678 111.94525 111.84372 111.74219 111.64066 111.49242 111.32875 111.16508 109.7303 108.83336 107.93643 107.0395 106.14256 105.24563 104.99523 105.60624 105.78744 105.33837 104.8893 104.44022 103.99115 103.55424 103.83698 104.11972 104.40246 104.68521 104.96795 105.25069 105.52391 105.58821 105.6525 105.7168 105.7811 105.84539 105.90969 105.97398 106.03828 106.10258 106.16687 106.23117 106.29546 106.35976 106.42406
112.35512 112.38877 112.42242 112.45607 112.48972 112.52337 112.55702 112.59067 112.62432 112.65797 112.69162 112.72527 112.7497 112.77159 112.79348 112.7633 112.66177 112.56024 112.45871 112.35718 112.25565 112.12145 111.95778 111.79411 111.63044 111.46677 111.3031 111.13943 109.3679 107.86471 106.96778 106.07084 105.17391 104.27697 104.82609 105.43711 105.63553 105.18646 104.73739 104.28831 103.83924 103.98753 104.27027 104.55301 104.83575 105.1185 105.40124 105.68398 105.96672 106.15188 106.21618 106.28047 106.34477 106.40907 106.47336 106.53766 106.60195 106.66625 106.73055 106.79484 106.85914 106.92343 106.98773
112.56297 112.59662 112.63027 112.66392 112.69757 112.73122 112.76487 112.79852 112.83217 112.86582 112.89947 112.93312 112.96677 113.00042 113.02348 112.97217 112.87064 112.75048 112.58681 112.42314 112.25947 112.0958 111.93213 111.76846 111.60479 111.44113 111.27746 111.11379 109.33145 106.89605 105.99912 105.10219 104.20525 104.04595 104.65696 105.26797 105.48362 105.03455 104.58548 104.1364 104.13807 104.42082 104.70356 104.9863 105.26904 105.55179 105.83453 106.11727 106.40001 106.68275 106.77985 106.84415 106.90844 106.97274 107.03704 107.10133 107.16563 107.22992 107.29422 107.35852 107.42281 107.48711 107.5514
112.77083 112.80448 112.83813 112.87178 112.90543 112.93908 112.97273 113.00637 113.04002 113.07367 113.10732 113.14097 113.17462 113.20827 113.2943 113.05217 112.8885 112.72483 112.56116 112.39749 112.23382 112.07016 111.90649 111.74282 111.57915 111.41548 111.25181 111.08814 109.29499 106.83056 105.03047 104.13353 103.2658 103.87682 104.48783 105.09884 105.33171 104.88264 104.43356 104.28862 104.57136 104.85411 105.13685 105.41959 105.70233 105.98507 106.26782 106.55056 106.8333 107.11604 107.34353 107.40782 107.47212 107.53641 107.60071 107.66501 107.7293 107.7936 107.85789 107.92219 107.98649 108.05078 108.11508
112.97868 113.01233 113.04598 113.07963 113.11328 113.14693 113.18058 113.21423 113.24788 113.28153 113.31518 113.34883 113.38248 113.50861 114.11894 113.75641 112.86285 112.69919 112.53552 112.37185 112.20818 112.04451 111.88084 111.71717 111.5535 111.38983 111.22616 111.0625 109.25853 106.79411 104.32968 103.16488 103.09667 103.70768 104.3187 104.92971 105.1798 104.73073 104.43917 104.72191 105.00465 105.28739 105.57014 105.85288 106.13562 106.41836 106.70111 106.98385 107.26659 107.54933 107.83208 107.9715 108.03579 108.10009 108.16438 108.22868 108.29298 108.35727 108.42157 108.48586 108.55016 108.61446 108.67875
113.18653 113.22018 113.25383 113.28748 113.32113 113.35478 113.38843 113.42208 113.45573 113.48938 113.52303 113.55668 113.72292 114.33325 114.94358 114.56503 113.80012 112.79822 112.50987 112.3462 112.18253 112.01886 111.85519 111.69153 111.52786 111.36419 111.20052 111.03685 109.22207 106.75765 104.29322 102.31652 102.92754 103.53855 104.14956 104.76058 105.02789 104.58971 104.87246 105.1552 105.43794 105.72068 106.00343 106.28617 106.56891 106.85165 107.1344 107.41714 107.69988 107.98262 108.26536 108.53517 108.59947 108.66376 108.72806 108.79235 108.85665 108.92095 108.98524 109.04954 109.11383 109.17813 109.24243
113.39439 113.42803 113.46168 113.49533 113.52898 113.56263 113.59628 113.62993 113.66358 113.69723 113.73088 113.93722 114.54756 115.15789 115.76822 115.33715 114.63069 113.78695 112.78216 112.32055 112.15689 111.99322 111.82955 111.66588 111.50221 111.33854 111.17487 111.0112 109.18562 106.72119 104.25677 103.21378 103.42999 103.64619 103.98043 104.59145 104.87598 105.023 105.30575 105.58849 105.87123 106.15397 106.43671 106.71946 107.0022 107.28494 107.56768 107.85043 108.13317 108.41591 108.69865 108.9814 109.16314 109.22744 109.29173 109.35603 109.42032 109.48462 109.54892 109.61321 109.67751 109.7418 109.8061
113.60224 113.63589 113.66954 113.70319 113.73684 113.77049 113.80414 113.83779 113.87144 113.90509 114.15153 114.76186 115.3722 115.98253 116.59286 116.10927 115.46127 114.6744 113.77089 112.76611 112.13124 111.96757 111.8039 111.64023 111.47656 111.31289 111.14923 110.98556 109.14916 106.68473 104.22031 104.35086 104.56706 104.78326 104.99947 105.21567 105.29459 105.45629 105.73903 106.02178 106.30452 106.58726 106.87 107.15275 107.43549 107.71823 108.00097 108.28372 108.56646 108.8492 109.13194 109.41469 109.69743 109.79111 109.85541 109.9197 109.984 110.04829 110.11259 110.17689 110.24118 110.30548 110.36977
113.81009 113.84374 113.87739 113.91104 113.94469 113.97834 114.01199 114.04564 114.07929 114.36584 114.97617 115.5865 116.19684 116.80717 117.4175 116.88139 116.26003 115.50498 114.71811 113.75484 112.75005 111.94192 111.77826 111.61459 111.45092 111.28725 111.12358 110.95991 109.1127 106.64828 105.27173 105.48794 105.70414 105.92034 106.14813 106.63677 106.50194 106.16454 106.17232 106.45507 106.73781 107.02055 107.30329 107.58604 107.86878 108.15152 108.43426 108.717 108.99975 109.28249 109.56523 109.84797 110.13072 110.35479 110.41908 110.48338 110.54767 110.61197 110.67626 110.74056 110.80486 110.86915 110.93345
114.01794 114.05159 114.08524 114.11889 114.15254 114.18619 114.21984 114.25349 114.58015 115.19048 115.80081 116.41114 117.02148 117.63181 118.24214 117.65351 117.03215 116.33555 115.54869 114.74357 113.73878 112.734 111.75261 111.58894 111.42527 111.2616 111.09793 110.93426 109.07624 106.61182 106.40881 106.62501 106.84121 107.13718 107.62582 108.04669 107.70929 107.37189 107.03449 106.88836 107.1711 107.45384 107.73658 108.01932 108.30207 108.58481 108.86755 109.15029 109.43304 109.71578 109.99852 110.28126 110.56401 110.84675 110.98276 111.04705 111.11135 111.17564 111.23994 111.30423 111.36853 111.43283 111.49712
114.2258 114.25945 114.2931 114.32674 114.36039 114.39404 114.42769 114.79445 115.40479 116.01512 116.62545 117.23578 117.84612 118.45645 119.04698 118.42562 117.80427 117.16612 116.37926 115.59239 114.72751 113.72273 112.71795 111.71316 111.39963 111.23596 111.07229 110.90862 109.03979 107.32968 107.54589 107.76209 108.12622 108.61487 109.10351 109.25404 108.91664 108.57924 108.24184 107.90444 107.60439 107.88713 108.16987 108.45261 108.73536 109.0181 109.30084 109.58358 109.86633 110.14907 110.43181 110.71455 110.99729 111.28004 111.54643 111.61073 111.67502 111.73932 111.80361 111.86791 111.9322 111.9965 112.0608
114.43365 114.4673 114.50095 114.5346 114.56825 114.6019 115.00876 115.61909 116.22943 116.83976 117.45009 118.06042 118.67076 119.28109 119.81909 119.19774 118.57639 117.95504 117.20983 116.42297 115.6361 114.71146 113.70667 112.70189 111.69711 111.21031 111.04664 110.88297 109.00333 108.46676 108.68296 109.11527 109.60392 110.09256 110.5812 110.46138 110.12398 109.78658 109.44918 109.11178 108.77438 108.43698 108.60316 108.8859 109.16865 109.45139 109.73413 110.01687 110.29961 110.58236 110.8651 111.14784 111.43058 111.71333 111.99607 112.1744 112.2387 112.30299 112.36729 112.43158 112.49588 112.56017 112.62447
114.6415 114.67515 114.7088 114.74245 114.7761 115.22307 115.8334 116.44373 117.05407 117.6644 118.27473 118.88506 119.4954 120.10573 120.59121 119.96986 119.34851 118.72715 118.0404 117.25354 116.46668 115.67981 114.6954 113.69062 112.68584 111.68105 111.02099 110.85733 109.38763 109.61568 110.10432 110.59296 111.08161 111.57025 112.00613 111.66873 111.33133 110.99393 110.65653 110.31913 109.98173 109.64433 109.30693 109.31919 109.60193 109.88468 110.16742 110.45016 110.7329 111.01565 111.29839 111.58113 111.86387 112.14662 112.42936 112.7121 112.80237 112.86667 112.93096 112.99526 113.05955 113.12385 113.18814
114.84935 114.883 114.91665 114.9503 115.43738 116.04771 116.65804 117.26837 117.87871 118.48904 119.09937 119.7097 120.32004 120.93037 121.36333 120.74198 120.12062 119.49927 118.87097 118.08411 117.29725 116.51039 115.68413 114.67935 113.67457 112.66978 111.665 110.83168 110.60472 111.09337 111.58201 112.07066 112.5593 113.04794 113.21348 112.87608 112.53868 112.20128 111.86388 111.52648 111.18908 110.85168 110.51428 110.17688 110.03522 110.31797 110.60071 110.88345 111.16619 111.44894 111.73168 112.01442 112.29716 112.5799 112.86265 113.14539 113.36604 113.43034 113.49464 113.55893 113.62323 113.68752 113.75182
115.05721 115.09086 115.12451 115.65168 116.26202 116.87235 117.48268 118.09301 118.70335 119.31368 119.92401 120.53434 121.14468 121.75501 122.13545 121.5141 120.89274 120.27139 119.65004 118.91468 118.12782 117.34096 116.55409 115.66808 114.66329 113.65851 112.65373 111.79187 112.08242 112.57106 113.0597 113.54835 114.03699 114.52564 114.42083 114.08343 113.74603 113.40863 113.07123 112.73383 112.39643 112.05903 111.72163 111.38423 111.04683 110.75126 111.034 111.31674 111.59948 111.88222 112.16497 112.44771 112.73045 113.01319 113.29594 113.57868 113.86142 113.99401 114.05831 114.12261 114.1869 114.2512 114.31549
115.26506 115.29871 115.86599 116.47632 117.08666 117.69699 118.30732 118.91765 119.52799 120.13832 120.74865 121.35898 121.96932 122.57965 122.90757 122.28621 121.66486 121.04351 120.42216 119.74525 118.95839 118.17153 117.38467 116.5978 115.65202 114.64724 113.64246 113.31657 113.55507 114.04875 114.5374 115.02604 115.51468 115.96558 115.62818 115.29078 114.95338 114.61598 114.27858 113.94118 113.60378 113.26638 112.92898 112.59158 112.25418 111.91678 111.57938 111.75003 112.03277 112.31551 112.59826 112.881 113.16374 113.44648 113.72923 114.01197 114.29471 114.55769 114.62198 114.68628 114.75058 114.81487 114.87917
